,0,1,2
0,0.15,0.85,0.0
1,0.5714285714285714,0.42857142857142855,0.0
2,0.3,0.7,0.0
3,0.27586206896551724,0.6896551724137931,0.034482758620689655
4,0.15,0.8,0.05
5,0.2542372881355932,0.6610169491525424,0.0847457627118644
6,0.38596491228070173,0.543859649122807,0.07017543859649122
7,0.1951219512195122,0.7560975609756098,0.04878048780487805
8,0.27419354838709675,0.5645161290322581,0.16129032258064516
9,0.30303030303030304,0.6212121212121212,0.07575757575757576
10,0.17142857142857143,0.6285714285714286,0.2
11,0.2,0.75,0.05
12,0.3157894736842105,0.631578947368421,0.05263157894736842
13,0.3939393939393939,0.5,0.10606060606060606
14,0.27631578947368424,0.618421052631579,0.10526315789473684
15,0.2857142857142857,0.6153846153846154,0.0989010989010989
16,0.32954545454545453,0.5340909090909091,0.13636363636363635
17,0.1774193548387097,0.6612903225806451,0.16129032258064516
18,0.15384615384615385,0.6846153846153846,0.16153846153846155
19,0.24561403508771928,0.6578947368421053,0.09649122807017543
20,0.34108527131782945,0.5348837209302325,0.12403100775193798
21,0.27906976744186046,0.6046511627906976,0.11627906976744186
22,0.26521739130434785,0.5391304347826087,0.1956521739130435
23,0.2062780269058296,0.6322869955156951,0.16143497757847533
24,0.22784810126582278,0.6244725738396625,0.14767932489451477
25,0.1718213058419244,0.6907216494845361,0.13745704467353953
26,0.23095238095238096,0.6238095238095238,0.14523809523809525
27,0.20666666666666667,0.6266666666666667,0.16666666666666666
28,0.16083916083916083,0.6783216783216783,0.16083916083916083
29,0.20216606498194944,0.6353790613718412,0.1624548736462094
30,0.21132075471698114,0.6830188679245283,0.10566037735849057
31,0.21100917431192662,0.6085626911314985,0.18042813455657492
32,0.17391304347826086,0.6854219948849105,0.14066496163682865
33,0.15355805243445692,0.6966292134831461,0.149812734082397
34,0.21348314606741572,0.6217228464419475,0.1647940074906367
35,0.2692307692307692,0.5726495726495726,0.1581196581196581
36,0.21653543307086615,0.610236220472441,0.1732283464566929
37,0.23282442748091603,0.6145038167938931,0.15267175572519084
38,0.1836734693877551,0.6768707482993197,0.13945578231292516
39,0.22932330827067668,0.5827067669172933,0.18796992481203006
40,0.1971326164874552,0.6666666666666666,0.13620071684587814
41,0.17228464419475656,0.6404494382022472,0.18726591760299627
42,0.1950207468879668,0.6846473029045643,0.12033195020746888
43,0.20434782608695654,0.6391304347826087,0.1565217391304348
44,0.2018348623853211,0.6467889908256881,0.15137614678899083
45,0.21235521235521235,0.5714285714285714,0.21621621621621623
46,0.1557632398753894,0.470404984423676,0.37383177570093457
47,0.15060240963855423,0.42771084337349397,0.42168674698795183
48,0.16981132075471697,0.6830188679245283,0.1471698113207547
49,0.228310502283105,0.634703196347032,0.136986301369863
50,0.23979591836734693,0.6071428571428571,0.15306122448979592
51,0.1488673139158576,0.7281553398058253,0.12297734627831715
52,0.1659919028340081,0.6396761133603239,0.19433198380566802
53,0.23595505617977527,0.6441947565543071,0.1198501872659176
54,0.26627218934911245,0.5621301775147929,0.17159763313609466
55,0.2717948717948718,0.5846153846153846,0.14358974358974358
56,0.19487179487179487,0.5692307692307692,0.2358974358974359
57,0.1656441717791411,0.6625766871165644,0.17177914110429449
58,0.17587939698492464,0.678391959798995,0.1457286432160804
59,0.11956521739130435,0.6739130434782609,0.20652173913043478
60,0.1724137931034483,0.5804597701149425,0.2471264367816092
61,0.23270440251572327,0.6289308176100629,0.13836477987421383
62,0.22424242424242424,0.5272727272727272,0.24848484848484848
63,0.1686046511627907,0.6627906976744186,0.1686046511627907
64,0.2116788321167883,0.6058394160583942,0.18248175182481752
65,0.2155688622754491,0.5568862275449101,0.2275449101796407
66,0.17647058823529413,0.49673202614379086,0.32679738562091504
67,0.18324607329842932,0.6492146596858639,0.16753926701570682
68,0.19607843137254902,0.6274509803921569,0.17647058823529413
69,0.18823529411764706,0.6705882352941176,0.1411764705882353
70,0.25824175824175827,0.554945054945055,0.18681318681318682
71,0.20714285714285716,0.5214285714285715,0.2714285714285714
72,0.22727272727272727,0.5606060606060606,0.21212121212121213
73,0.18181818181818182,0.6666666666666666,0.15151515151515152
74,0.2608695652173913,0.5826086956521739,0.1565217391304348
75,0.1875,0.7083333333333334,0.10416666666666667
76,0.21559633027522937,0.573394495412844,0.21100917431192662
77,0.19631901840490798,0.7116564417177914,0.09202453987730061
78,0.22527472527472528,0.6483516483516484,0.12637362637362637
79,0.25146198830409355,0.52046783625731,0.22807017543859648
80,0.12389380530973451,0.775811209439528,0.10029498525073746
81,0.2099125364431487,0.6938775510204082,0.09620991253644315
82,0.23318385650224216,0.6233183856502242,0.14349775784753363
83,0.15789473684210525,0.6549707602339181,0.1871345029239766
84,0.17277486910994763,0.7068062827225131,0.12041884816753927
85,0.1891891891891892,0.6824324324324325,0.12837837837837837
86,0.2868217054263566,0.5891472868217055,0.12403100775193798
87,0.11965811965811966,0.6666666666666666,0.21367521367521367
88,0.2892561983471074,0.5867768595041323,0.12396694214876033
89,0.2647058823529412,0.5367647058823529,0.19852941176470587
90,0.23880597014925373,0.5597014925373134,0.20149253731343283
91,0.23809523809523808,0.6326530612244898,0.1292517006802721
92,0.25203252032520324,0.5609756097560976,0.18699186991869918
93,0.19696969696969696,0.6742424242424242,0.12878787878787878
94,0.2672413793103448,0.6379310344827587,0.09482758620689655
95,0.21794871794871795,0.6730769230769231,0.10897435897435898
96,0.29411764705882354,0.6397058823529411,0.0661764705882353
97,0.19834710743801653,0.743801652892562,0.05785123966942149
98,0.20987654320987653,0.6790123456790124,0.1111111111111111
99,0.1927710843373494,0.7048192771084337,0.10240963855421686
100,0.16025641025641027,0.6794871794871795,0.16025641025641027
101,0.14864864864864866,0.722972972972973,0.12837837837837837
102,0.16030534351145037,0.6106870229007634,0.22900763358778625
103,0.2795031055900621,0.6521739130434783,0.06832298136645963
104,0.26153846153846155,0.6230769230769231,0.11538461538461539
105,0.2074074074074074,0.6370370370370371,0.15555555555555556
106,0.22857142857142856,0.6476190476190476,0.12380952380952381
107,0.21212121212121213,0.6666666666666666,0.12121212121212122
108,0.24731182795698925,0.5806451612903226,0.17204301075268819
109,0.1744186046511628,0.6744186046511628,0.1511627906976744
110,0.09210526315789473,0.6578947368421053,0.25
111,0.2463768115942029,0.4927536231884058,0.2608695652173913
112,0.2261904761904762,0.5476190476190477,0.2261904761904762
113,0.2978723404255319,0.5531914893617021,0.14893617021276595
114,0.18518518518518517,0.6666666666666666,0.14814814814814814
115,0.273972602739726,0.6712328767123288,0.0547945205479452
116,0.19834710743801653,0.6942148760330579,0.10743801652892562
117,0.20833333333333334,0.7395833333333334,0.052083333333333336
118,0.24444444444444444,0.5777777777777777,0.17777777777777778
119,0.18823529411764706,0.49411764705882355,0.3176470588235294
120,0.2,0.6947368421052632,0.10526315789473684
121,0.20689655172413793,0.6551724137931034,0.13793103448275862
122,0.22857142857142856,0.6857142857142857,0.08571428571428572
123,0.25274725274725274,0.6483516483516484,0.0989010989010989
124,0.352112676056338,0.4788732394366197,0.16901408450704225
125,0.13953488372093023,0.7209302325581395,0.13953488372093023
126,0.3150684931506849,0.4931506849315068,0.1917808219178082
127,0.2318840579710145,0.5217391304347826,0.2463768115942029
128,0.3111111111111111,0.5555555555555556,0.13333333333333333
129,0.2127659574468085,0.5638297872340425,0.22340425531914893
130,0.2777777777777778,0.5185185185185185,0.2037037037037037
131,0.24193548387096775,0.5483870967741935,0.20967741935483872
132,0.3939393939393939,0.48484848484848486,0.12121212121212122
133,0.18181818181818182,0.7272727272727273,0.09090909090909091
134,0.2641509433962264,0.5849056603773585,0.1509433962264151
135,0.16666666666666666,0.6428571428571429,0.19047619047619047
136,0.1518987341772152,0.6835443037974683,0.16455696202531644
137,0.22950819672131148,0.3770491803278688,0.39344262295081966
138,0.14814814814814814,0.6172839506172839,0.2345679012345679
139,0.26785714285714285,0.5535714285714286,0.17857142857142858
140,0.3220338983050847,0.5254237288135594,0.15254237288135594
141,0.2826086956521739,0.45652173913043476,0.2608695652173913
142,0.14864864864864866,0.5945945945945946,0.25675675675675674
143,0.21621621621621623,0.4594594594594595,0.32432432432432434
144,0.19696969696969696,0.6515151515151515,0.15151515151515152
145,0.16901408450704225,0.676056338028169,0.15492957746478872
146,0.2,0.65,0.15
147,0.1694915254237288,0.7627118644067796,0.06779661016949153
148,0.29310344827586204,0.5517241379310345,0.15517241379310345
149,0.1891891891891892,0.6621621621621622,0.14864864864864866
150,0.3953488372093023,0.4418604651162791,0.16279069767441862
151,0.28,0.62,0.1
152,0.3218390804597701,0.5287356321839081,0.14942528735632185
153,0.2857142857142857,0.6285714285714286,0.08571428571428572
154,0.3698630136986301,0.4794520547945205,0.1506849315068493
155,0.2,0.6736842105263158,0.12631578947368421
156,0.21904761904761905,0.7047619047619048,0.0761904761904762
157,0.37209302325581395,0.6046511627906976,0.023255813953488372
158,0.31958762886597936,0.5463917525773195,0.13402061855670103
159,0.15053763440860216,0.6451612903225806,0.20430107526881722
160,0.2403846153846154,0.6634615384615384,0.09615384615384616
161,0.19718309859154928,0.6619718309859155,0.14084507042253522
162,0.2028985507246377,0.6666666666666666,0.13043478260869565
163,0.27184466019417475,0.5631067961165048,0.1650485436893204
164,0.23404255319148937,0.6276595744680851,0.13829787234042554
165,0.20224719101123595,0.6853932584269663,0.11235955056179775
166,0.36607142857142855,0.5446428571428571,0.08928571428571429
167,0.20930232558139536,0.5581395348837209,0.23255813953488372
168,0.22018348623853212,0.6697247706422018,0.11009174311926606
169,0.25663716814159293,0.6814159292035398,0.061946902654867256
170,0.27522935779816515,0.6238532110091743,0.10091743119266056
171,0.3218390804597701,0.5747126436781609,0.10344827586206896
172,0.2708333333333333,0.6041666666666666,0.125
173,0.29838709677419356,0.5,0.20161290322580644
174,0.24731182795698925,0.6236559139784946,0.12903225806451613
175,0.12698412698412698,0.7301587301587301,0.14285714285714285
176,0.13131313131313133,0.7373737373737373,0.13131313131313133
177,0.22535211267605634,0.5985915492957746,0.176056338028169
178,0.21929824561403508,0.6578947368421053,0.12280701754385964
179,0.2608695652173913,0.6413043478260869,0.09782608695652174
180,0.19852941176470587,0.6838235294117647,0.11764705882352941
181,0.21739130434782608,0.6260869565217392,0.1565217391304348
182,0.1810344827586207,0.7327586206896551,0.08620689655172414
183,0.2196969696969697,0.6818181818181818,0.09848484848484848
184,0.22784810126582278,0.620253164556962,0.1518987341772152
185,0.2,0.7333333333333333,0.06666666666666667
186,0.2283464566929134,0.6771653543307087,0.09448818897637795
187,0.205607476635514,0.6635514018691588,0.1308411214953271
188,0.18446601941747573,0.6893203883495146,0.1262135922330097
189,0.21794871794871795,0.6153846153846154,0.16666666666666666
190,0.31645569620253167,0.5822784810126582,0.10126582278481013
191,0.2558139534883721,0.5465116279069767,0.19767441860465115
192,0.13924050632911392,0.6835443037974683,0.17721518987341772
193,0.24444444444444444,0.6111111111111112,0.14444444444444443
194,0.2647058823529412,0.5882352941176471,0.14705882352941177
195,0.2818181818181818,0.4727272727272727,0.24545454545454545
196,0.24,0.6133333333333333,0.14666666666666667
197,0.20192307692307693,0.625,0.17307692307692307
198,0.26582278481012656,0.6075949367088608,0.12658227848101267
199,0.2716049382716049,0.6049382716049383,0.12345679012345678
200,0.144,0.76,0.096
201,0.2441860465116279,0.6744186046511628,0.08139534883720931
202,0.1348314606741573,0.7415730337078652,0.12359550561797752
203,0.13333333333333333,0.6666666666666666,0.2
204,0.23636363636363636,0.5272727272727272,0.23636363636363636
205,0.2727272727272727,0.5151515151515151,0.21212121212121213
206,0.2702702702702703,0.5675675675675675,0.16216216216216217
207,0.2638888888888889,0.6111111111111112,0.125
208,0.11538461538461539,0.75,0.1346153846153846
209,0.25862068965517243,0.6379310344827587,0.10344827586206896
210,0.3142857142857143,0.5714285714285714,0.11428571428571428
211,0.15492957746478872,0.704225352112676,0.14084507042253522
212,0.18181818181818182,0.696969696969697,0.12121212121212122
213,0.2125,0.5625,0.225
214,0.2909090909090909,0.4727272727272727,0.23636363636363636
215,0.23636363636363636,0.5818181818181818,0.18181818181818182
216,0.2923076923076923,0.5846153846153846,0.12307692307692308
217,0.26666666666666666,0.6666666666666666,0.06666666666666667
218,0.37037037037037035,0.5185185185185185,0.1111111111111111
219,0.2542372881355932,0.5932203389830508,0.15254237288135594
220,0.3037974683544304,0.5949367088607594,0.10126582278481013
221,0.22972972972972974,0.6081081081081081,0.16216216216216217
222,0.22580645161290322,0.6612903225806451,0.11290322580645161
223,0.21212121212121213,0.45454545454545453,0.3333333333333333
224,0.3333333333333333,0.5172413793103449,0.14942528735632185
225,0.25,0.625,0.125
226,0.14634146341463414,0.6951219512195121,0.15853658536585366
227,0.3333333333333333,0.5588235294117647,0.10784313725490197
228,0.26666666666666666,0.5,0.23333333333333334
229,0.2777777777777778,0.6666666666666666,0.05555555555555555
230,0.26666666666666666,0.6166666666666667,0.11666666666666667
231,0.4107142857142857,0.5714285714285714,0.017857142857142856
232,0.3333333333333333,0.5833333333333334,0.08333333333333333
233,0.30337078651685395,0.6179775280898876,0.07865168539325842
234,0.26506024096385544,0.5301204819277109,0.20481927710843373
235,0.24324324324324326,0.6036036036036037,0.15315315315315314
236,0.2857142857142857,0.5952380952380952,0.11904761904761904
237,0.1935483870967742,0.6129032258064516,0.1935483870967742
238,0.2753623188405797,0.5507246376811594,0.17391304347826086
239,0.21333333333333335,0.4666666666666667,0.32
240,0.16091954022988506,0.5287356321839081,0.3103448275862069
241,0.1780821917808219,0.6027397260273972,0.2191780821917808
242,0.13432835820895522,0.5074626865671642,0.3582089552238806
243,0.2535211267605634,0.39436619718309857,0.352112676056338
244,0.34210526315789475,0.5,0.15789473684210525
245,0.16470588235294117,0.7764705882352941,0.058823529411764705
246,0.36363636363636365,0.5454545454545454,0.09090909090909091
247,0.21568627450980393,0.5882352941176471,0.19607843137254902
248,0.2545454545454545,0.5454545454545454,0.2
249,0.3,0.5571428571428572,0.14285714285714285
250,0.3333333333333333,0.5666666666666667,0.1
251,0.13043478260869565,0.7608695652173914,0.10869565217391304
252,0.24242424242424243,0.5454545454545454,0.21212121212121213
253,0.3142857142857143,0.5142857142857142,0.17142857142857143
254,0.3103448275862069,0.3793103448275862,0.3103448275862069
255,0.13333333333333333,0.7333333333333333,0.13333333333333333
256,0.3404255319148936,0.5106382978723404,0.14893617021276595
257,0.12962962962962962,0.5740740740740741,0.2962962962962963
258,0.19718309859154928,0.5211267605633803,0.28169014084507044
259,0.23529411764705882,0.6176470588235294,0.14705882352941177
260,0.2545454545454545,0.4909090909090909,0.2545454545454545
261,0.15217391304347827,0.45652173913043476,0.391304347826087
262,0.15384615384615385,0.5,0.34615384615384615
263,0.15625,0.65625,0.1875
264,0.08571428571428572,0.45714285714285713,0.45714285714285713
265,0.3333333333333333,0.42857142857142855,0.23809523809523808
266,0.08163265306122448,0.6122448979591837,0.30612244897959184
267,0.35185185185185186,0.46296296296296297,0.18518518518518517
268,0.16129032258064516,0.6451612903225806,0.1935483870967742
269,0.25,0.6666666666666666,0.08333333333333333
270,0.14634146341463414,0.6585365853658537,0.1951219512195122
271,0.1206896551724138,0.5689655172413793,0.3103448275862069
272,0.1346153846153846,0.6346153846153846,0.23076923076923078
273,0.234375,0.59375,0.171875
274,0.06451612903225806,0.6129032258064516,0.3225806451612903
275,0.05714285714285714,0.7142857142857143,0.22857142857142856
276,0.15,0.65,0.2
277,0.30303030303030304,0.45454545454545453,0.24242424242424243
278,0.2926829268292683,0.4878048780487805,0.21951219512195122
279,0.34210526315789475,0.5,0.15789473684210525
280,0.11764705882352941,0.5882352941176471,0.29411764705882354
281,0.1568627450980392,0.5294117647058824,0.3137254901960784
282,0.16363636363636364,0.6181818181818182,0.21818181818181817
283,0.06666666666666667,0.6333333333333333,0.3
284,0.10714285714285714,0.7142857142857143,0.17857142857142858
285,0.35714285714285715,0.5238095238095238,0.11904761904761904
286,0.10714285714285714,0.75,0.14285714285714285
287,0.10256410256410256,0.717948717948718,0.1794871794871795
288,0.11594202898550725,0.6376811594202898,0.2463768115942029
289,0.12,0.34,0.54
290,0.14516129032258066,0.6612903225806451,0.1935483870967742
291,0.2,0.65,0.15
292,0.19047619047619047,0.6428571428571429,0.16666666666666666
293,0.125,0.71875,0.15625
294,0.09523809523809523,0.7142857142857143,0.19047619047619047
295,0.2608695652173913,0.6086956521739131,0.13043478260869565
296,0.09302325581395349,0.6046511627906976,0.3023255813953488
297,0.17777777777777778,0.6666666666666666,0.15555555555555556
298,0.26666666666666666,0.6888888888888889,0.044444444444444446
299,0.3157894736842105,0.6842105263157895,0.0
300,0.2962962962962963,0.5555555555555556,0.14814814814814814
301,0.20689655172413793,0.7586206896551724,0.034482758620689655
302,0.23076923076923078,0.5384615384615384,0.23076923076923078
303,0.26666666666666666,0.6333333333333333,0.1
304,0.2777777777777778,0.5555555555555556,0.16666666666666666
305,0.24444444444444444,0.5555555555555556,0.2
306,0.06896551724137931,0.6896551724137931,0.2413793103448276
307,0.2962962962962963,0.5555555555555556,0.14814814814814814
308,0.0784313725490196,0.7254901960784313,0.19607843137254902
309,0.22,0.6,0.18
310,0.23636363636363636,0.34545454545454546,0.41818181818181815
311,0.2692307692307692,0.5,0.23076923076923078
312,0.35714285714285715,0.6071428571428571,0.03571428571428571
313,0.13636363636363635,0.6363636363636364,0.22727272727272727
314,0.36,0.56,0.08
315,0.16666666666666666,0.4166666666666667,0.4166666666666667
316,0.25,0.5,0.25
317,0.3,0.35,0.35
318,0.07692307692307693,0.5769230769230769,0.34615384615384615
319,0.18181818181818182,0.6060606060606061,0.21212121212121213
