,0,1,2
0,0.04117352812691301,2.5758026828977245e-08,0.9588264461150301
1,8.552261988020475e-10,5.762770881558882e-10,0.9999999985716187
2,0.6469761538528345,8.019149802445533e-09,0.35302383812798194
3,0.5398279630261449,7.2286350565922656e-09,0.46017202974522264
4,0.7292534793039266,2.295630294285648e-10,0.27074652046651354
5,0.6698082033156637,2.7921263152881304e-09,0.33019179389220926
6,1.2606559195688514e-09,0.8196445031861476,0.18035549555321076
7,0.0019390443751746004,0.9980609535213167,2.1035050606727297e-09
8,6.121416188411457e-09,8.154141242515414e-09,0.9999999857214735
9,0.325475129341756,1.3802863402475031e-08,0.6745248568553879
10,1.0096701597022669e-09,1.2152113816259725e-09,0.9999999977759679
11,0.4485463290718187,2.490487596007391e-09,0.5514536684376619
12,1.0375688159970597e-09,0.9234226947521532,0.0765773042102915
13,0.28769788676857755,0.7123020914731997,2.1758231168417102e-08
14,5.417708309299975e-09,0.9999998737882332,1.2079410593891498e-07
15,0.2904482370284706,1.6258810943390756e-08,0.7095517467126832
16,1.2872125587735227e-08,0.17501008377355412,0.8249899033543713
17,1.330251585739302e-09,0.24721088563704818,0.7527891130326961
18,0.16210682532100648,0.09619909920795408,0.7416940754710372
19,0.3675095678407719,4.325947978912941e-09,0.6324904278332854
20,0.21215098923172931,1.7797758810226385e-08,0.7878489929705246
21,0.16100993549576192,1.2325073512516002e-08,0.8389900521791824
22,0.4934332968574332,2.311643929192883e-08,0.5065666800261254
23,0.5620908439594817,2.7148324022208198e-08,0.4379091288921827
24,0.23675361185857832,2.554898799953544e-09,0.7632463855865136
25,1.5507185616710077e-10,0.7367030285617163,0.263296971283226
26,0.08859811057674959,0.5778914163335939,0.33351047308965764
27,5.489502765247375e-10,0.7785606563696803,0.22143934308137686
28,2.4141801697068184e-09,0.136633176887331,0.8633668206986143
29,5.851470516299612e-11,3.8896811640159544e-10,0.9999999995525987
30,1.1957580921494032e-10,8.131770010854144e-11,0.9999999997991621
31,2.107574392168713e-10,1.721070794807244e-09,0.9999999980680911
32,4.3502702607754697e-10,0.9999999909253325,8.639634644018609e-09
33,6.014252672934396e-09,0.8067148375279972,0.1932851564577948
34,5.853794035493867e-10,0.7591116614492533,0.2408883379653754
35,2.6896969428652068e-09,0.11337925581868782,0.88662074149164
36,3.888428977962146e-10,8.540942736776899e-10,0.9999999987571202
37,6.689614196028669e-11,1.761585024906958e-11,0.9999999999155023
38,1.0689980403313103e-10,1.9085972591705625e-11,0.9999999998742726
39,2.0087413374284622e-10,0.018953760975590088,0.9810462388235311
40,7.277885019352807e-11,3.7009272439618336e-11,0.9999999998902347
41,1.022749031030481e-09,4.43122693671544e-09,0.9999999945462573
42,1.209086034193432e-10,4.5298058359516157e-10,0.9999999994261866
43,9.892752333229466e-11,2.923802091496979e-11,0.9999999998718139
44,8.844166457422573e-11,2.859617542197997e-11,0.9999999998830783
45,4.691138664216685e-10,2.0166699058031805e-09,0.9999999975142645
46,1.1560428906669763e-09,2.737415763109845e-09,0.9999999961068617
47,4.982096254973293e-09,0.030545171921198752,0.969454823096662
48,2.147315562640532e-10,0.43682304614133455,0.5631769536439344
49,3.078498813701968e-10,0.1738992859973547,0.826100713694801
50,1.7049515220046502e-09,8.219154933113761e-09,0.9999999900756602
51,4.2710343438565193e-10,1.0936051347239368e-09,0.9999999984795571
52,7.011676093086345e-11,2.1801497983911968e-11,0.9999999999080531
53,9.47072164753083e-11,3.737379445173599e-11,0.9999999998679333
54,1.7735352299472017e-10,5.706486868977029e-11,0.9999999997655885
55,1.4500766428975167e-10,3.907456403893417e-11,0.9999999998158693
56,3.3600955836698755e-10,9.75931046558837e-11,0.9999999995663923
57,2.9297787095315234e-10,1.0475974656718304e-10,0.9999999996023071
58,7.009364553329852e-11,1.9354714981915393e-11,0.9999999999105986
59,1.1005088658343085e-10,3.2684265911063374e-11,0.999999999857196
60,7.167942650869461e-10,3.2670066449314595e-09,0.9999999960157727
61,3.5874922230688694e-09,1.5617791931818408e-08,0.9999999807946651
62,1.8174221060968707e-10,6.14925279800987e-11,0.9999999997567821
63,1.0629909655727334e-09,5.68436662310249e-09,0.9999999932521352
64,3.7641732391706026e-10,1.0434812299349315e-10,0.9999999995191968
65,9.433549058626166e-11,1.1705381723890312e-10,0.9999999997886174
66,3.783587083774716e-10,2.54026929765215e-09,0.9999999970812334
67,7.75689290551169e-10,1.2069910531730577e-09,0.999999998017214
68,1.2241220887289014e-09,6.739140085632414e-09,0.9999999920361793
69,6.080212453130741e-09,0.08773770310255966,0.9122622908174512
70,4.771164203957541e-10,0.21330765167308596,0.7866923478497938
71,7.141452801209263e-10,8.22622830339023e-09,0.9999999910596662
72,1.6477330835009968e-08,0.7845387553949467,0.21546122812785262
73,1.2412824262417396e-09,0.8348766481280838,0.16512335063062467
74,7.401453405884271e-10,0.7157752478565722,0.28422475140328723
75,6.441558177909405e-10,3.607311532661519e-09,0.9999999957490755
76,6.648345920454965e-11,2.3953104787148807e-10,0.9999999996940101
77,1.2496940452196483e-09,6.848054878578718e-09,0.9999999919016896
78,4.649285286023745e-10,8.400626777480155e-10,0.9999999986949795
79,7.74919279173301e-11,2.7068676426102914e-10,0.9999999996518577
80,2.1138235494574206e-10,1.9679066476107697e-09,0.9999999978207341
81,5.219078030573206e-10,9.307951010008762e-10,0.9999999985472741
82,4.5705095878326594e-10,6.913616991979562e-10,0.9999999988515014
83,9.3679213062364e-11,1.2170031914715893e-10,0.9999999997846298
84,4.5151511062964093e-10,2.3181502278800846e-10,0.9999999993167893
85,5.061593647335767e-10,0.33734693098505375,0.6626530685087818
86,3.2738562254723794e-10,0.14219908612375073,0.857800913548874
87,5.645316519161321e-10,0.4884419473048527,0.5115580521306153
88,1.9671311154637403e-09,8.412821747670865e-09,0.9999999896209618
89,3.2560783776821803e-10,9.43061525185237e-09,0.9999999902437031
90,6.743221222398159e-10,5.162211132408471e-09,0.9999999941632836
91,5.355670245900871e-10,2.5672086838622413e-09,0.9999999968969048
92,7.258181264214103e-11,2.7623766281057622e-11,0.99999999989981
93,7.73568480102724e-11,2.323150122946989e-11,0.9999999998993658
94,1.4051842245186287e-10,3.793057640696423e-11,0.9999999998215033
95,4.8404200618645755e-09,3.4090746819168074e-08,0.9999999610710595
96,5.531358130988445e-10,0.38747701187181577,0.612522987575045
97,5.40361143469137e-10,0.3916031790925517,0.6083968203670838
98,7.06503304067257e-10,0.04737883938383028,0.9526211599097086
99,2.0396541188826941e-10,3.230763916329163e-10,0.9999999994730574
100,2.369514885249128e-10,7.931074784528166e-11,0.9999999996837633
101,1.0897071638910279e-10,1.8064156408597685e-10,0.99999999971039
102,6.204281529414694e-10,0.6584117542914988,0.3415882450880787
