,0,1,2
0,1.0,0.0,0.0
1,0.3935489728780108,0.0,0.6064510271219891
2,0.9101225173432554,0.08987748265674449,0.0
3,1.0,0.0,0.0
4,0.26225251370238795,0.12040352859302891,0.6173439577045832
5,0.8291292938810905,0.17087070611890953,0.0
6,0.3765052453531724,0.021418835863451512,0.6020759187833761
7,0.7489954911867126,0.2510045088132874,0.0
8,0.22142333955815474,0.15659389047169134,0.6219827699701539
9,0.2880262193714387,0.20021701679967518,0.5117567638288861
10,0.2875668660210241,0.03549904222195131,0.6769340917570246
11,0.9452236069819439,0.05477639301805618,0.0
12,0.38625284927266396,0.013079872956270049,0.6006672777710661
13,0.3507078014440973,0.14444431014640122,0.5048478884095015
14,0.3377164720793847,0.2015167837090765,0.4607667442115387
15,0.5143846551946155,0.0,0.48561534480538443
16,0.389142998556049,0.01480713356006291,0.5960498678838881
17,0.37873408484907917,0.0,0.6212659151509209
18,0.0,0.3614652185602467,0.6385347814397533
19,0.25029835660337746,0.2793561430211371,0.47034550037548545
20,0.42741540965058455,0.27990206596036205,0.2926825243890534
21,0.2585779482143838,0.1618835426570773,0.5795385091285389
22,0.17661159369706717,0.17277909170508055,0.6506093145978524
23,0.16590705431774222,0.19515179063966312,0.6389411550425946
24,0.2380765916696595,0.13795876788961856,0.623964640440722
25,0.08007226592262938,0.28633442347067495,0.6335933106066958
26,0.13622735324594676,0.21053563063952552,0.6532370161145277
27,0.09754871387340705,0.25021514294439173,0.6522361431822011
28,0.06843095876014636,0.27573080623422386,0.6558382350056298
29,0.17007722328420125,0.19417610088555692,0.6357466758302418
30,0.15044824040119184,0.248092695902038,0.6014590636967702
31,0.11834754830812384,0.2133437742616114,0.6683086774302648
32,0.08277223159318423,0.2601373379869832,0.6570904304198325
33,0.09239398264282306,0.26447274950438276,0.6431332678527941
34,0.152496227413591,0.19057366331733477,0.6569301092690742
35,0.2398982800663442,0.12810618524411935,0.6319955346895365
36,0.13955570476661514,0.2036315259034739,0.656812769329911
37,0.11949191198905813,0.22748728625293743,0.6530208017580045
38,0.146311988710533,0.21253827309385087,0.641149738195616
39,0.1553206114032604,0.1640532128798456,0.6806261757168939
40,0.11173269990066241,0.22799030306968632,0.6602769970296513
41,0.09415811082507003,0.2504289306939515,0.6554129584809786
42,0.16132431489366947,0.18781499716468292,0.6508606879416475
43,0.16069748802929498,0.2060398871771278,0.6332626247935772
44,0.15345775213093438,0.20185058946775739,0.6446916584013084
45,0.09085713536896411,0.23025341363866111,0.6788894509923747
46,0.07020925537454771,0.10068490108701882,0.8291058435384334
47,0.0,0.12149995812512214,0.8785000418748778
48,0.08883677856182276,0.2569802295801642,0.6541829918580131
49,0.12708243626172616,0.22699520518676797,0.6459223585515058
50,0.2146218341663482,0.15096816112136513,0.6344100047122867
51,0.09206300231190989,0.25821602063856597,0.6497209770495241
52,0.08638953863726512,0.2383431932772275,0.6752672680855074
53,0.19016548267651734,0.1737878962382169,0.6360466210852658
54,0.177664114367488,0.2025981593555885,0.6197377262769235
55,0.1324868250278521,0.21372165584233274,0.6537915191298151
56,0.014997337345759587,0.2960087522015552,0.6889939104526852
57,0.14181198373639756,0.22026989611891662,0.6379181201446859
58,0.02304383029476771,0.32837091906892657,0.6485852506363057
59,0.05421278254996019,0.2576552104877162,0.6881320069623236
60,0.1410580550613378,0.17610322448523913,0.682838720453423
61,0.1371980325838814,0.21105477052404825,0.6517471968920704
62,0.12734279090136605,0.19137157777446,0.6812856313241741
63,0.09886491279243534,0.23129305966369,0.6698420275438747
64,0.08034118786461339,0.25053720376607114,0.6691216083693153
65,0.17571666185082144,0.14240044235701066,0.6818828957921679
66,0.08962598837464911,0.1514978976592239,0.758876113966127
67,0.21033462705766687,0.12546800423528293,0.6641973687070502
68,0.096095408860322,0.24403699262142411,0.6598675985182538
69,0.10913271738309385,0.25336141738928913,0.637505865227617
70,0.24732790072971003,0.10110373945509712,0.6515683598151929
71,0.11923752942804514,0.12333635093674584,0.757426119635209
72,0.13077662698168868,0.21110106350630878,0.6581223095120026
73,0.1935035042363609,0.1676866365022129,0.6388098592614262
74,0.2471873657343583,0.12124157382010654,0.6315710604455352
75,0.13614662280513048,0.22896005817972842,0.634893319015141
76,0.1743620886280114,0.1165520307459929,0.7090858806259956
77,0.1719502714244195,0.18999076787348698,0.6380589607020937
78,0.11234616659273974,0.2461123766186077,0.6415414567886526
79,0.14157150171927244,0.2335665301106739,0.6248619681700537
80,0.527360353804811,0.057365104929612984,0.4152745412655759
81,0.3455178291083607,0.05277349572102182,0.6017086751706175
82,0.20590800523007802,0.15184772068382413,0.6422442740860979
83,0.10788740292118035,0.23939218068216758,0.6527204163966521
84,0.10412912551560158,0.2505360323120444,0.645334842172354
85,0.25256156123720286,0.11794684583313643,0.6294915929296607
86,0.1902662290337152,0.16913771527914323,0.6405960556871416
87,0.14737333807523212,0.18377640504128748,0.6688502568834804
88,0.28452318588706677,0.08094753638002074,0.6345292777329125
89,0.18319034051251676,0.14196527703868309,0.6748443824488003
90,0.13064479628277562,0.2118963210425373,0.6574588826746871
91,0.22006656241810196,0.3949432018805387,0.38499023570135926
92,0.2510906001458242,0.08742846697382624,0.6614809328803496
93,0.19087952095580216,0.21319781695121698,0.5959226620929808
94,0.3005270064191787,0.07574432158936559,0.6237286719914558
95,0.38183281865979074,0.16285705750744206,0.45531012383276714
96,0.7101031737628877,0.2593513393863184,0.03054548685079402
97,0.34057342273084845,0.5866386882815481,0.07278788898760342
98,0.21358305162873079,0.15507752609596842,0.6313394222753007
99,0.13884345166932474,0.21956935827708793,0.6415871900535874
100,0.10864854719789642,0.23402610204069527,0.6573253507614083
101,0.1377558219418184,0.21984667157369417,0.6423975064844875
102,0.037131217129264156,0.2900787389407571,0.6727900439299787
103,0.3096736274303351,0.17104906148372384,0.5192773110859412
104,0.19213100822742477,0.2121177003619643,0.5957512914106109
105,0.13977547527166556,0.33063637233825427,0.5295881523900802
106,0.15033702974258276,0.21808178469973477,0.6315811855576824
107,0.2339772008905049,0.2477650962415708,0.5182577028679244
108,0.18741738685410386,0.14629483015852912,0.6662877829873671
109,0.059047378133739115,0.2890633633041109,0.65188925856215
110,0.015255189520725318,0.28390489201513397,0.7008399184641406
111,0.11733561951748035,0.24824415942697106,0.6344202210555485
112,0.23128043163092826,0.10059893100297608,0.6681206373660956
113,0.12760939061918802,0.1896786660072352,0.6827119433735769
114,0.030657021225482944,0.2934773616671608,0.6758656171073562
115,0.3126104197572155,0.43256013599280424,0.25482944424998033
116,0.4266820892893971,0.260443285803024,0.312874624907579
117,0.1570915660502256,0.209124711907185,0.6337837220425895
118,0.06635108606002421,0.24590901563414988,0.6877398983058258
119,0.03893877486638209,0.2555195790913803,0.7055416460422376
120,0.17815087097394353,0.1840468187869977,0.6378023102390589
121,0.23068630359670855,0.13531652776642047,0.633997168636871
122,0.2680193620429097,0.47397218419929227,0.2580084537577981
123,0.26957031987846486,0.07461328032911428,0.6558163997924209
124,0.14094891251345848,0.20176322361253435,0.6572878638740071
125,0.0,0.3545136609780112,0.6454863390219889
126,0.34657716816472156,0.1816146358277328,0.4718081960075456
127,0.18002369065830195,0.1567973665624809,0.6631789427792171
128,0.1606350371223944,0.19638527858759638,0.6429796842900092
129,0.2331983948843644,0.14275991634443333,0.6240416887712024
130,0.23364550949641202,0.14111631769262686,0.6252381728109611
131,0.15679325056686363,0.15612736217478218,0.6870793872583542
132,0.3848837098854069,0.34106425032708104,0.2740520397875122
133,0.17051314024383343,0.24688149858930922,0.5826053611668573
134,0.08946493521780419,0.25172640541104263,0.6588086593711533
135,0.15515869062643856,0.16492468223558227,0.6799166271379791
136,0.1540730660121595,0.20395272112967622,0.6419742128581643
137,0.10115040920044781,0.21352257970947794,0.6853270110900743
138,0.0,0.34610049922337255,0.6538995007766275
139,0.10497403734401443,0.22820505359061127,0.6668209090653742
140,0.15364012600896634,0.279617999632903,0.5667418743581306
141,0.21260857924884194,0.10757212155948208,0.679819299191676
142,0.04818086584823588,0.2530623629059295,0.6987567712458347
143,0.28699245631760606,0.021421982930461072,0.6915855607519329
144,0.2443252246045636,0.23801534493513987,0.5176594304602966
145,0.08648693407098978,0.25764296877169873,0.6558700971573115
146,0.1764489645268107,0.1491174636530411,0.6744335718201482
147,0.6303781846603246,0.07223059433571259,0.297391221003963
148,0.5039636566291175,0.18903606632081366,0.30700027705006877
149,0.08105116812092478,0.2547892798891198,0.6641595519899555
150,0.3948538978378875,0.009320208028200012,0.5958258941339124
151,0.34590205338266544,0.016808740142958717,0.6372892064743759
152,0.3140456282461122,0.07176118525404696,0.6141931864998409
153,0.36812166621696274,0.14080995625143233,0.491068377531605
154,0.6098649202510014,0.1527590950741417,0.2373759846748568
155,0.3780604157881291,0.1021273126023005,0.5198122716095706
156,0.29711725550294754,0.08623083887060029,0.6166519056264521
157,0.37010618155327063,0.030513063572844917,0.5993807548738844
158,0.20612344660908347,0.14699342985176134,0.6468831235391552
159,0.21148529119684759,0.13289485960177314,0.6556198492013793
160,0.19162658666719262,0.17575979042863682,0.6326136229041706
161,0.30206934936974944,0.208891312637474,0.48903933799277655
162,0.21302944573996271,0.1384222370597951,0.6485483172002422
163,0.23518544463560803,0.13212681363851533,0.6326877417258766
164,0.15569957904748735,0.2960793720103324,0.5482210489421803
165,0.31610051492765534,0.05603059570424521,0.6278688893680995
166,0.4045393209702972,0.26184430911171985,0.33361636991798294
167,0.15609114807701668,0.1826926560249321,0.6612161958980513
168,0.3112098574191442,0.07542611186814005,0.6133640307127157
169,0.24883279283130574,0.1867358764900751,0.5644313306786192
170,0.17317758744337425,0.1934507121618785,0.6333717003947473
171,0.24033940015440775,0.11987552018840018,0.639785079657192
172,0.1841664564268906,0.17891028780496554,0.6369232557681439
173,0.1717977165247712,0.16657501342684006,0.6616272700483888
174,0.26279827957689134,0.12424666025890493,0.6129550601642038
175,0.26857396149480706,0.4274468190156427,0.3039792194895501
176,0.028277882891807295,0.255127580281233,0.7165945368269597
177,0.04296784635954931,0.2536566312780166,0.7033755223624342
178,0.17100531731423424,0.18024334953643278,0.648751333149333
179,0.22997686059302466,0.12401335079965976,0.6460097886073156
180,0.25116498411057514,0.1005883178275616,0.6482466980618633
181,0.18905914101833765,0.1526204953456011,0.6583203636360612
182,0.08121753244941357,0.2740340739454014,0.6447483936051851
183,0.024491745413404074,0.3574589921267611,0.6180492624598347
184,0.2170104631046798,0.1906450793023468,0.5923444575929733
185,0.335657590930074,0.06122019848748265,0.6031222105824433
186,0.26984228289188855,0.20599428464816819,0.5241634324599432
187,0.3148729438722535,0.07167463554701717,0.6134524205807292
188,0.15498980234847448,0.19388224012694255,0.6511279575245829
189,0.13271227885978387,0.3847177295978431,0.482569991542373
190,0.2567699225416738,0.12447384552206549,0.6187562319362607
191,0.14588175984709478,0.21485379601684382,0.6392644441360613
192,0.061987143856900156,0.32444049427564053,0.6135723618674592
193,0.1606350371223944,0.19638527858759638,0.6429796842900092
194,0.3993582162059196,0.23161961997843156,0.36902216381564873
195,0.15209272404925672,0.12540415619078848,0.7225031197599548
196,0.18729929316263375,0.17363338543706344,0.6390673214003029
197,0.1535027352643534,0.32952413666076225,0.5169731280748844
198,0.17706549062504537,0.2251202421032881,0.5978142672716665
199,0.7322617929716926,0.08461375566130327,0.18312445136700417
200,0.0,0.35642450674124554,0.6435754932587545
201,0.4124168342229961,0.04526612289435759,0.5423170428826463
202,0.04073588473429133,0.3132176817921713,0.6460464334735373
203,0.0,0.37432897248290126,0.6256710275170988
204,0.09172517124693613,0.25182978804837225,0.6564450407046917
205,0.22947169690329,0.1113763828532861,0.659151920243424
206,0.2109390663723192,0.10599172086361636,0.6830692127640644
207,0.27051018778200964,0.2380956346462718,0.49139417757171866
208,0.19162658666719262,0.17575979042863682,0.6326136229041706
209,0.27054243037560666,0.10132034350798465,0.6281372261164087
210,0.23058705046895553,0.14246377215808378,0.6269491773729606
211,0.22401178356500115,0.13970648952095588,0.6362817269140429
212,0.0,0.34147885408165407,0.658521145918346
213,0.16121855087229287,0.19850482748458928,0.6402766216431178
214,0.45600441363487176,0.21452821673280742,0.329467369632321
215,0.5198373187777117,0.15584137716490776,0.3243213040573806
216,0.2766993912793553,0.44211802264742955,0.2811825860732151
217,0.7145764754891242,0.28542352451087594,0.0
218,0.6366115243899987,0.36338847561000126,0.0
219,0.13506698434640454,0.22924621100478962,0.6356868046488058
220,0.22637661377125595,0.10833327786414458,0.6652901083645995
221,0.2544528094740491,0.08881474775240565,0.6567324427735453
222,0.270879319564592,0.08249117461359784,0.6466295058218101
223,0.37108518250641875,0.12652095569370775,0.5023938617998734
224,0.23503648053138904,0.13929484707235493,0.6256686723962559
225,0.23916633539896398,0.1241712911148774,0.6366623734861586
226,0.1243231272394404,0.2792715329407846,0.596405339819775
227,0.21860890884261538,0.14626863791172529,0.6351224532456593
228,0.30476000273242076,0.044128181901773145,0.651111815365806
229,0.2554430920137488,0.12310952820116013,0.6214473797850911
230,0.20587521707756604,0.16358276243204803,0.6305420204903859
231,0.9452236069819439,0.05477639301805618,0.0
232,0.21539357578914375,0.16237957982978266,0.6222268443810737
233,0.2452743228652616,0.13117479525140543,0.623550881883333
234,0.2321506883450226,0.020847796023154667,0.7470015156318226
235,0.24295888999184348,0.11698260877377002,0.6400585012343866
236,0.28908899133693855,0.051748510851067554,0.6591624978119939
237,0.12991300331275035,0.20977770474496196,0.6603092919422877
238,0.29477435714778355,0.07808216546291999,0.6271434773892964
239,0.08617779324272683,0.13208886883271112,0.781733337924562
240,0.011413164629610341,0.16766121770714382,0.8209256176632459
241,0.19991870211024082,0.05823937907987511,0.741841918809884
242,0.21319087426143446,0.0014474986889811824,0.7853616270495845
243,0.2903167619088409,0.0,0.7096832380911591
244,0.587949890582337,0.0,0.412050109417663
245,0.0,0.5432546293001819,0.4567453706998182
246,0.3417380473101975,0.02635557865869563,0.6319063740311068
247,0.17494170312187146,0.11925844693837954,0.705799849939749
248,0.21448478930799267,0.10821240668438728,0.67730280400762
249,0.3810193570284042,0.005830708807896334,0.6131499341636996
250,0.4708706887156089,0.010732440058007353,0.5183968712263838
251,0.06582330985470253,0.27862552152068804,0.6555511686246095
252,0.013490000726989313,0.30522977675427354,0.6812802225187371
253,0.20890678076688324,0.12311047931221461,0.6679827399209021
254,0.09225251582412843,0.17539746577694174,0.7323500183989299
255,0.0,0.34544423990931117,0.6545557600906888
256,0.1635370799716762,0.18186712365931937,0.6545957963690044
257,0.0066839970619774315,0.3229517882335276,0.670364214704495
258,0.0,0.3137634385153848,0.6862365614846152
259,0.22295116085931685,0.12931088102809346,0.6477379581125897
260,0.2215277009827112,0.15274065848624988,0.6257316405310388
261,0.010649133980604866,0.22338041222202665,0.7659704537973686
262,0.27514621162155245,0.0,0.7248537883784475
263,0.329346440055297,0.05494538202627749,0.6157081779184256
264,0.0,0.2875255415371902,0.7124744584628098
265,0.16333176359125123,0.12093661121199425,0.7157316251967546
266,0.0,0.37372817688354204,0.626271823116458
267,0.2466504355422021,0.09331005428778809,0.6600395101700098
268,0.00462065509015444,0.23019157976390373,0.7651877651459419
269,0.09465883798611557,0.25533820306693134,0.650002958946953
270,0.07332772672220078,0.24942578072207286,0.6772464925557263
271,0.0,0.3790941557160333,0.6209058442839667
272,0.0,0.33947808930098816,0.6605219106990119
273,0.14432567009412992,0.22322878384176473,0.6324455460641053
274,0.0,0.33272016921209296,0.6672798307879071
275,0.0,0.41527734551011974,0.5847226544898803
276,0.22597442672387855,0.08192492304609633,0.6921006502300251
277,0.13599120109935758,0.17964458637700834,0.6843642125236341
278,0.07332772672220078,0.24942578072207286,0.6772464925557263
279,0.15292673812417526,0.17693721235901602,0.6701360495168088
280,0.0,0.25069052551372717,0.7493094744862728
281,0.0,0.30572791704586194,0.6942720829541381
282,0.0,0.330665744975008,0.669334255024992
283,0.0,0.3664275827356235,0.6335724172643764
284,0.0,0.4340185909142207,0.5659814090857793
285,0.11535318976588721,0.24739715080158073,0.6372496594325321
286,0.0,0.4018712461035506,0.5981287538964495
287,0.0,0.390695490541561,0.6093045094584391
288,0.0,0.3719188471748199,0.6280811528251802
289,0.0,0.3130406308838377,0.6869593691161623
290,0.04772072226249306,0.26019587029746005,0.6920834074400468
291,0.0,1.0,0.0
292,0.28284504506814484,0.27722433642023037,0.4399306185116249
293,0.0831814416484281,0.3697573920426356,0.5470611663089363
294,0.12090546822307091,0.2111722263335171,0.6679223054434119
295,0.14376801812363063,0.22623010716169292,0.6300018747146764
296,0.0,0.39633508857748495,0.6036649114225151
297,0.18776662001250388,0.8122333799874962,0.0
298,0.41880556132784497,0.18274220263128121,0.3984522360408739
299,0.11335299799821445,0.24654255321581905,0.6401044487859665
300,0.13115588237225315,0.27206882901468377,0.5967752886130632
301,0.14140027328547833,0.2896244925205073,0.5689752341940144
302,0.10096510782278446,0.24124973019369414,0.6577851619835213
303,0.5275804691837804,0.47241953081621957,0.0
304,0.3391070632833116,0.05157258419661465,0.6093203525200737
305,0.0,0.30646618695522815,0.6935338130447719
306,0.04054781315993652,0.27361937017116505,0.6858328166688984
307,0.2958856065830231,0.7041143934169769,0.0
308,0.0,0.3589547716172928,0.6410452283827072
309,0.197400918838532,0.06471675021745325,0.7378823309440148
310,0.0,0.304988073678166,0.6950119263218341
311,0.05114820064180998,0.28300248789219884,0.6658493114659912
312,0.4470349977856701,0.5529650022143299,0.0
313,0.036928484989298016,0.21388958195275753,0.7491819330579446
314,0.35869811465186596,0.054046437206985244,0.5872554481411487
315,0.04771128365356822,0.21849661706567625,0.7337920992807555
316,0.0740162384882897,0.22973561487511054,0.6962481466365997
317,0.08787343107627346,0.23565620885140912,0.6764703600723174
318,0.0,0.39800666676231605,0.601993333237684
319,0.22048081780614376,0.7795191821938563,0.0
