,0,1,2
0,0.8421800318341561,0.15781996816584384,0.0
1,0.9419724519102545,0.05802754808974554,0.0
2,0.6827279682430843,0.31727203175691565,0.0
3,0.6145221566377581,0.08331094207868604,0.30216690128355583
4,0.2256606138319828,0.1334866463518611,0.6408527398161561
5,0.4065264494212957,0.28646507400582594,0.3070084765728784
6,0.2662346990939863,0.11660740024595324,0.6171579006600605
7,0.24165560914184714,0.6238253530586676,0.1345190377994852
8,0.1740332140584494,0.15984495142861097,0.6661218345129396
9,0.18888482028201886,0.1853814580930688,0.6257337216249124
10,0.17306961414399938,0.14945775063741923,0.6774726352185815
11,0.20323104438711292,0.3056693775663013,0.4910995780465857
12,0.3006808627991628,0.18901393751889722,0.51030519968194
13,0.3983851539075199,0.35528739866506037,0.2463274474274198
14,0.20142781074267083,0.17144968915690026,0.6271225001004289
15,0.576208562903849,0.13532725535115978,0.2884641817449913
16,0.44991324649681735,0.11433954732245978,0.4357472061807228
17,0.18726758760341478,0.17183338398850104,0.6408990284080841
18,0.0,0.43162178181070426,0.5683782181892957
19,0.2569598583237374,0.5664825154384969,0.17655762623776572
20,0.2744368545412737,0.10333424056010157,0.6222289048986248
21,0.10286370402465451,0.35475029116101897,0.5423860048143265
22,0.12357342129650288,0.2759779782917093,0.6004486004117879
23,0.10720463349720465,0.3033328029492785,0.5894625635535169
24,0.18816354926158627,0.18040426283690927,0.6314321879015045
25,0.046689202456939846,0.3201443993492702,0.6331663981937901
26,0.003963884557443567,0.34364057760260586,0.6523955378399506
27,0.07715196393184193,0.28064789932192014,0.642200136746238
28,0.13405755678418474,0.23636438031509663,0.6295780629007187
29,0.11814136647477622,0.2527788305747943,0.6290798029504295
30,0.15385750182923325,0.361510769991797,0.4846317281789698
31,0.10468144353059185,0.2517911119024776,0.6435274445669305
32,0.05393616029511006,0.31956724678754633,0.6264965929173436
33,0.02973064486719369,0.3332827649602188,0.6369865901725875
34,0.10468144353059185,0.2517911119024776,0.6435274445669305
35,0.15497814783397165,0.20443351845759755,0.6405883337084308
36,0.1924035233751008,0.17426218903123983,0.6333342875936594
37,0.14661974339765318,0.22732989916338683,0.6260503574389601
38,0.1548916819769568,0.26991283566745544,0.5751954823555878
39,0.13888391416043036,0.1968092319956822,0.6643068538438874
40,0.06737214250139971,0.3006443878496099,0.6319834696489904
41,0.08224281973552679,0.264708111890041,0.6530490683744321
42,0.1296222184651381,0.2326808889612155,0.6376968925736463
43,0.11853935865320978,0.28073709361991495,0.6007235477268753
44,0.0605527125854257,0.30208285339839047,0.6373644340161838
45,0.046988259073984566,0.29863376868222996,0.6543779722437855
46,0.056818516239942086,0.08237673851905263,0.8608047452410054
47,0.0,0.1601592405450926,0.8398407594549073
48,0.05017712725275444,0.31897307139241776,0.6308498013548278
49,0.1441394138755973,0.2139051643699978,0.6419554217544049
50,0.14853402799982784,0.21196291073480936,0.6395030612653627
51,0.08813554273799619,0.31018470023339484,0.601679757028609
52,0.07632442832509581,0.2672369434592705,0.6564386282156337
53,0.1686495834823474,0.22140297545202686,0.6099474410656258
54,0.14950180159161153,0.22250950382607174,0.6279886945823168
55,0.1604478441777729,0.2114868287694082,0.6280653270528189
56,0.10630334920246544,0.25537099437811406,0.6383256564194205
57,0.15978076002756025,0.20999592404061856,0.6302233159318212
58,0.10007736395585583,0.36406766753707576,0.5358549685070685
59,0.08705323629258316,0.2616900334518334,0.6512567302555835
60,0.141202503240883,0.20163092499838414,0.6571665717607328
61,0.13359493667243322,0.23325113630569608,0.6331539270218707
62,0.09487650875040772,0.2152935865685146,0.6898299046810776
63,0.12097735426727911,0.32266206869453445,0.5563605770381864
64,0.0506736503974391,0.27968186989036903,0.6696444797121919
65,0.15238099114924541,0.16306389793404352,0.684555110916711
66,0.10999307170106212,0.16190753507930475,0.7280993932196332
67,0.20344261272124678,0.12259691229144666,0.6739604749873066
68,0.08103250282576975,0.27552894960752805,0.6434385475667023
69,0.11132363996491054,0.5583027614587488,0.33037359857634063
70,0.2196918055039924,0.15981289217630656,0.6204953023197011
71,0.05515747304928781,0.21594502198240606,0.7288975049683062
72,0.025154281050232145,0.3288859636521318,0.645959755297636
73,0.1472538888151758,0.20802197598391983,0.6447241352009043
74,0.2917942500538554,0.09250155700828495,0.6157041929378596
75,0.2903891848928799,0.3852036594126979,0.3244071556944222
76,0.19707587839964072,0.10057599555231314,0.7023481260480462
77,0.1249289999665882,0.22977657871838997,0.6452944213150218
78,0.18074975274981914,0.19653763648582007,0.6227126107643608
79,0.15893224759082286,0.20937439050799453,0.6316933619011826
80,0.514155252090185,0.12909352472625538,0.3567512231835597
81,0.38753855572098206,0.1559428081365033,0.4565186361425147
82,0.23517521601371497,0.13823290787411657,0.6265918761121685
83,0.19274529698314039,0.1562237017159899,0.6510310013008697
84,0.1633150920171614,0.21158728344787758,0.625097624534961
85,0.3890640994589467,0.15448217162766742,0.45645372891338587
86,0.16359476276621102,0.3111782063805758,0.5252270308532133
87,0.10531703099797661,0.2314846333068956,0.6631983356951279
88,0.24584539642283035,0.10249012922512192,0.6516644743520477
89,0.21219744739435215,0.12715001791231023,0.6606525346933376
90,0.12232256453332001,0.23297025746000538,0.6447071780066747
91,0.2039627425984964,0.27203981747501044,0.5239974399264931
92,0.20965654423266114,0.1255986015755145,0.6647448541918244
93,0.16782298695372627,0.25836629097670377,0.57381072206957
94,0.2491447893578189,0.3279681959385091,0.4228870147036721
95,0.3283994384082462,0.17782682556230736,0.4937737360294464
96,0.39579195191892624,0.17681534281286782,0.4273927052682059
97,0.3122670937163608,0.6877329062836393,0.0
98,0.23989150720188418,0.2237677294180161,0.5363407633800997
99,0.25116236336838454,0.1497025014894042,0.5991351351422113
100,0.08936645165673285,0.26987294557580005,0.640760602767467
101,0.1868462263266874,0.17369679958076364,0.639456974092549
102,0.118111640974634,0.2115644814377143,0.6703238775876517
103,0.48066790082702343,0.17385730550209327,0.3454747936708833
104,0.43767188195910217,0.20300355137903023,0.3593245666618676
105,0.07941431453774472,0.2899963611754386,0.6305893242868168
106,0.09187024048565824,0.35729989496933184,0.5508298645450098
107,0.12663882471658253,0.25631537771350726,0.6170457975699103
108,0.1634742392060047,0.1867797632784978,0.6497459975154976
109,0.058381298339276515,0.28715752071515843,0.6544611809455652
110,0.0,0.37386916890692506,0.6261308310930749
111,0.0,0.3604840966327768,0.6395159033672232
112,0.14851744677480702,0.17249008340078847,0.6789924698244045
113,0.09121741034711951,0.25475054794873636,0.6540320417041442
114,0.1434002466557857,0.212389665100401,0.6442100882438132
115,0.4999380629081723,0.5000619370918278,0.0
116,0.16610559373573427,0.27981709900424023,0.5540773072600256
117,0.23958667215778442,0.3478554931449733,0.41255783469724233
118,0.24324465674144258,0.12493558897013993,0.6318197542884175
119,0.0470561321071552,0.3148014257147604,0.6381424421780845
120,0.1948950630351139,0.2891050077112624,0.5159999292536238
121,0.32199618767272703,0.05218222480464434,0.6258215875226287
122,0.29008203316914283,0.4782503659002513,0.2316676009306059
123,0.26617517948737685,0.09682209202231054,0.6370027284903126
124,0.20938582749617554,0.1502776911005276,0.6403364814032969
125,0.0,0.34273594401572155,0.6572640559842784
126,0.4999380629081723,0.5000619370918278,0.0
127,0.15917428762265798,0.1722073276418909,0.6686183847354512
128,0.08124815388599395,0.30463826708760794,0.6141135790263981
129,0.306027037671815,0.06864370892835672,0.6253292533998283
130,0.3300685239195952,0.31956525780243594,0.3503662182779689
131,0.16641402538726385,0.11108815594738766,0.7224978186653485
132,0.4290843521319337,0.3252936873831789,0.2456219604848875
133,0.13825297006456969,0.23521921614402158,0.6265278137914086
134,0.30253130986039656,0.687127778018305,0.010340912121298286
135,0.17951245339583302,0.1434137376850095,0.6770738089191576
136,0.13814472451571924,0.22465300745828193,0.6372022680259989
137,0.14291845358669472,0.06338703394473258,0.7936945124685728
138,0.0,0.3041106318193351,0.6958893681806648
139,0.30755620755287594,0.35501477207532267,0.33742902037180145
140,0.14965300198405887,0.23459327923049497,0.6157537187854462
141,0.28308593778492325,0.02009778222328198,0.6968162799917947
142,0.020880381356990656,0.3100479385412363,0.669071680101773
143,0.29662766579118044,0.0,0.7033723342088195
144,0.29603552089626145,0.08436593807916218,0.6195985410245763
145,0.07046657538312305,0.2802963977262331,0.6492370268906438
146,0.10913725100050933,0.20360787160677524,0.6872548773927154
147,0.2712744210960122,0.1204874704863881,0.6082381084175997
148,0.4543961746725798,0.2393998228144266,0.30620400251299357
149,0.21936561114808467,0.2580815539818919,0.5225528348700234
150,0.5702209316739685,0.0,0.42977906832603147
151,0.44367745666452485,0.1735762776155713,0.38274626571990394
152,0.38082256441565193,0.0,0.6191774355843481
153,0.22699003952229047,0.15223887445174566,0.6207710860259639
154,0.40228676047268624,0.0,0.5977132395273138
155,0.299815649478588,0.07520287572727939,0.6249814747941325
156,0.46849912398423693,0.06947027755902278,0.46203059845674027
157,0.7974594662068818,0.20254053379311815,0.0
158,0.24072999985547117,0.12441821761680517,0.6348517825277236
159,0.10874657497505742,0.24575019834905787,0.6455032266758847
160,0.3046589489538155,0.2262017491585218,0.4691393018876628
161,0.5230315980974284,0.07451154765240371,0.402456854250168
162,0.28732080137928057,0.16473479225658333,0.5479444063641361
163,0.245873013253091,0.20408552357056786,0.5500414631763412
164,0.13960286901974536,0.23324635078547634,0.6271507801947782
165,0.2142199089030629,0.13451060030057574,0.6512694907963614
166,0.3704028211824377,0.11497993726838306,0.5146172415491793
167,0.13030434536123375,0.22248741838860406,0.6472082362501621
168,0.2401682371550969,0.13911982212029184,0.6207119407246112
169,0.33225216830961257,0.15823697245455703,0.5095108592358304
170,0.2972945361682351,0.17644273067502556,0.5262627331567393
171,0.27298662387840644,0.10259867766366584,0.6244146984579277
172,0.1939451601668876,0.1756690415177746,0.6303857983153378
173,0.2146977125234386,0.12086465733365301,0.6644376301429085
174,0.3121085924440869,0.26745435532172995,0.42043705223418304
175,0.17637180177392736,0.19506621758409684,0.6285619806419759
176,0.03138062676857119,0.3230222140005751,0.6455971592308536
177,0.07161173545205592,0.2686004153074756,0.6597878492404685
178,0.10071202814855158,0.27271591578112697,0.6265720560703215
179,0.1836247032782563,0.21920654003030343,0.5971687566914403
180,0.15808603078504138,0.1724302106948652,0.6694837585200933
181,0.17829276515326156,0.16829172197514927,0.6534155128715892
182,0.12812632991425013,0.3607123333744315,0.5111613367113184
183,0.25960524425277903,0.6285124377879492,0.11188231795927174
184,0.22588869929456096,0.22997699041268943,0.5441343102927497
185,0.2298426590454462,0.14816191794570785,0.6219954230088459
186,0.3374388202909941,0.2032262537411308,0.4593349259678751
187,0.262679952992155,0.14446908097428648,0.5928509660335586
188,0.2552890417261237,0.36702186030676615,0.37768909796711014
189,0.19617621433129448,0.30329523065162006,0.5005285550170854
190,0.2714953541377717,0.10750099638607281,0.6210036494761554
191,0.15327498246465326,0.22314249648115228,0.6235825210541945
192,0.15969689375030413,0.1748930540917866,0.6654100521579093
193,0.2793937392073036,0.18691315769631398,0.5336931030963825
194,0.41659927794547863,0.21132063262926631,0.3720800894252551
195,0.22489471137043207,0.08324971366892023,0.6918555749606478
196,0.16098148948659322,0.20886425470537773,0.6301542558080291
197,0.10860502953084167,0.3344084138782786,0.5569865565908797
198,0.21740287702119934,0.14051957794952466,0.6420775450292759
199,0.8736496318755312,0.0,0.1263503681244687
200,0.0947514134954177,0.5099901556291415,0.3952584308754407
201,0.4385369436721428,0.10779050442020617,0.45367255190765104
202,0.07907044935110108,0.4707271274910063,0.4502024231578926
203,0.0,0.3612028253818516,0.6387971746181483
204,0.2694771462729502,0.7305228537270498,0.0
205,0.2744505638297256,0.07176706732567598,0.6537823688445985
206,0.12175267900098248,0.35101397438085297,0.5272333466181647
207,0.39679587273296607,0.19660874807189666,0.40659537919513733
208,0.25243072133390654,0.3820121266488466,0.3655571520172468
209,0.34252224103183276,0.15628904570112626,0.5011887132670411
210,0.1762037099676622,0.20013027426618232,0.6236660157661554
211,0.20613467002842775,0.16347142566759545,0.6303939043039768
212,0.006544969417219024,0.3351642303258779,0.6582908002569031
213,0.1924035233751008,0.17426218903123983,0.6333342875936594
214,0.87867614988872,0.12132385011127998,0.0
215,0.42212905535011663,0.2434209063237348,0.3344500383261485
216,0.1604478441777729,0.2114868287694082,0.6280653270528189
217,0.7120315873020041,0.2032802881606005,0.08468812453739535
218,0.7174130193000006,0.2726427719240621,0.009944208775937317
219,0.1803690176904335,0.14910494267051147,0.6705260396390551
220,0.23667168763753782,0.11263971288960413,0.6506885994728582
221,0.2576446830554628,0.22163795245563522,0.5207173644889019
222,0.3175477909063925,0.06060333884941362,0.6218488702441938
223,0.47407959095513763,0.09182872688008298,0.4340916821647794
224,0.24394807357262438,0.1403153345112742,0.6157365919161014
225,0.3153069326823546,0.1986365595368031,0.4860565077808423
226,0.14681738292401572,0.27827108994068017,0.5749115271353041
227,0.31259279108736326,0.13405455583822137,0.5533526530744154
228,0.21317472432981074,0.11911118535449279,0.6677140903156964
229,0.7627335240208339,0.22739120969299076,0.009875266286175275
230,0.21001673828495396,0.16615812757111645,0.6238251341439296
231,0.7737656100176469,0.226234389982353,0.0
232,0.4166665273542883,0.24871261493353716,0.3346208577121746
233,0.304453823920701,0.09385312777508766,0.6016930483042113
234,0.25437413073713755,0.007009116134969353,0.7386167531278931
235,0.18752024888247687,0.14875929643767855,0.6637204546798445
236,0.1989871830677019,0.16226611699137355,0.6387466999409246
237,0.13807703061736187,0.20147558530639462,0.6604473840762436
238,0.3642893681694836,0.001555039692662565,0.6341555921378539
239,0.12015893549627774,0.09449879618754381,0.7853422683161785
240,0.04916754694652366,0.13418481085370057,0.8166476421997757
241,0.2104604985989772,0.09676710509240592,0.6927723963086169
242,0.0788137992671522,0.018102828938699498,0.9030833717941484
243,0.1110821242469509,0.06974540456597342,0.8191724711870756
244,0.8473082698124346,0.0,0.1526917301875654
245,0.0758756864385272,0.5926866506469928,0.33143766291448
246,0.36066848775857807,0.03542477930273635,0.6039067329386857
247,0.28198240867144003,0.0,0.71801759132856
248,0.26144456502170754,0.07932409879343742,0.659231336184855
249,0.5505355012814697,0.03830479235190107,0.4111597063666294
250,0.32343707315360803,0.07592622281097808,0.6006367040354139
251,0.1288580146681472,0.21858557688843847,0.6525564084434143
252,0.006433209158665876,0.34651679941790164,0.6470499914234326
253,0.12689997755792667,0.23668999671502236,0.636410025727051
254,0.057878418205300396,0.23171446661898218,0.7104071151757175
255,0.20368607885365722,0.18901353825598008,0.6073003828903626
256,0.2491468688033769,0.1069360242041001,0.643917106992523
257,0.01325359311854939,0.3108378415148536,0.6759085653665969
258,0.10874436527052532,0.2227514458935303,0.6685041888359444
259,0.31259279108736326,0.13405455583822137,0.5533526530744154
260,0.16983085232410827,0.1653744889803371,0.6647946586955545
261,0.0,0.34425249566620836,0.6557475043337917
262,0.10943235038157607,0.16617995247354603,0.7243876971448779
263,0.48055587550698664,0.2588337784700907,0.2606103460229227
264,0.0,0.2963573504037766,0.7036426495962234
265,0.1529011135036617,0.14806515711792828,0.6990337293784099
266,0.0,0.5915714403211749,0.40842855967882497
267,0.39760004997521653,0.25361414761013085,0.3487858024146525
268,0.2270638077208129,0.13510219476890525,0.6378339975102818
269,0.1908578191516307,0.1471968496697475,0.6619453311786219
270,0.031595952032579804,0.318376977894447,0.6500270700729731
271,0.0,0.29461087855346996,0.70538912144653
272,0.0,0.33270476596003523,0.6672952340399647
273,0.2270804324735769,0.5060988326659825,0.2668207348604406
274,0.0,0.24494796542040637,0.7550520345795937
275,0.0,0.4359984164768666,0.5640015835231333
276,0.30299964345876773,0.02184857629776044,0.6751517802434718
277,0.3488664145110832,0.0,0.6511335854889169
278,0.15385750182923325,0.361510769991797,0.4846317281789698
279,0.24883743774552075,0.12676376949458218,0.6243987927598971
280,0.03484091080845164,0.2757911603674105,0.6893679288241378
281,0.05662104090844077,0.3086504697736815,0.6347284893178776
282,0.029494065858925722,0.3112830178854962,0.659222916255578
283,0.0,0.4337509226711264,0.5662490773288735
284,0.0,0.37933882894759174,0.6206611710524083
285,0.3019674549341916,0.6980325450658085,0.0
286,0.0,0.7085947153145616,0.2914052846854384
287,0.0,0.4046908408131369,0.5953091591868631
288,0.0,0.39966070158156836,0.6003392984184316
289,0.08846885873949634,0.2772063112917314,0.6343248299687723
290,0.12848240585187942,0.2271716077483738,0.6443459863997468
291,0.0,0.8467148537408915,0.15328514625910847
292,0.7666353925059232,0.10533895680571163,0.1280256506883652
293,0.17700526421670115,0.16021018968826012,0.6627845460950387
294,0.3979020339271742,0.13768621089769653,0.4644117551751291
295,0.3906065991148418,0.19201075707051654,0.41738264381464163
296,0.1533539583880806,0.08495275613336478,0.7616932854785546
297,0.16977186816058876,0.7409119728437625,0.08931615899564875
298,0.2947323553692765,0.2731715528168588,0.43209609181386477
299,0.4048361038475551,0.595163896152445,0.0
300,0.19381978350062204,0.4513886781752348,0.3547915383241431
301,0.085503014170402,0.5971101053340399,0.31738688049555813
302,0.23388604729203535,0.14295688856975544,0.6231570641382093
303,0.6023588458990207,0.3976411541009793,0.0
304,0.3247543180637372,0.14308931420415646,0.5321563677321065
305,0.053942221395719615,0.3304247302322305,0.6156330483720499
306,0.085503014170402,0.5971101053340399,0.31738688049555813
307,0.2623716781020598,0.3850633294666259,0.3525649924313143
308,0.0,0.5004625720895322,0.4995374279104678
309,0.0971416272454384,0.2063494874439047,0.6965088853106569
310,0.0,0.25582215709818124,0.7441778429018187
311,0.14246824528054874,0.22843580668941255,0.6290959480300385
312,0.425175458225488,0.574824541774512,0.0
313,0.37418156573230155,0.6258184342676985,0.0
314,0.3497671965427667,0.03093658415476328,0.6192962193024699
315,0.09868301210149417,0.11772458038496499,0.7835924075135408
316,0.0,0.3404479182323763,0.6595520817676237
317,0.10291540977702306,0.24900965082580495,0.648074939397172
318,0.0,0.36191994043810566,0.6380800595618944
319,0.4907482260722671,0.5092517739277329,0.0
