,0,1,2
0,0.6,0.4,0.0
1,0.6428571428571429,0.35714285714285715,0.0
2,0.5333333333333333,0.4666666666666667,0.0
3,0.5862068965517241,0.3793103448275862,0.034482758620689655
4,0.45,0.45,0.1
5,0.4745762711864407,0.4915254237288136,0.03389830508474576
6,0.49122807017543857,0.43859649122807015,0.07017543859649122
7,0.36585365853658536,0.6097560975609756,0.024390243902439025
8,0.4032258064516129,0.46774193548387094,0.12903225806451613
9,0.42424242424242425,0.5,0.07575757575757576
10,0.4,0.45714285714285713,0.14285714285714285
11,0.4,0.55,0.05
12,0.47368421052631576,0.47368421052631576,0.05263157894736842
13,0.45454545454545453,0.5151515151515151,0.030303030303030304
14,0.4342105263157895,0.4868421052631579,0.07894736842105263
15,0.5604395604395604,0.4065934065934066,0.03296703296703297
16,0.5454545454545454,0.4090909090909091,0.045454545454545456
17,0.41935483870967744,0.4838709677419355,0.0967741935483871
18,0.23846153846153847,0.7,0.06153846153846154
19,0.37719298245614036,0.5964912280701754,0.02631578947368421
20,0.49612403100775193,0.4263565891472868,0.07751937984496124
21,0.3395348837209302,0.6046511627906976,0.05581395348837209
22,0.3652173913043478,0.5695652173913044,0.06521739130434782
23,0.34977578475336324,0.5874439461883408,0.06278026905829596
24,0.4219409282700422,0.4936708860759494,0.08438818565400844
25,0.30584192439862545,0.6185567010309279,0.07560137457044673
26,0.2714285714285714,0.6309523809523809,0.09761904761904762
27,0.33,0.58,0.09
28,0.3776223776223776,0.5454545454545454,0.07692307692307693
29,0.36462093862815886,0.5595667870036101,0.07581227436823104
30,0.3660377358490566,0.5849056603773585,0.04905660377358491
31,0.3516819571865443,0.5535168195718655,0.09480122324159021
32,0.31202046035805625,0.618925831202046,0.06905370843989769
33,0.29213483146067415,0.6292134831460674,0.07865168539325842
34,0.352059925093633,0.5543071161048689,0.09363295880149813
35,0.39316239316239315,0.5128205128205128,0.09401709401709402
36,0.4251968503937008,0.4881889763779528,0.08661417322834646
37,0.3893129770992366,0.5381679389312977,0.07251908396946564
38,0.3843537414965986,0.5544217687074829,0.061224489795918366
39,0.37593984962406013,0.5,0.12406015037593984
40,0.3225806451612903,0.6021505376344086,0.07526881720430108
41,0.3333333333333333,0.5617977528089888,0.10486891385767791
42,0.37344398340248963,0.5394190871369294,0.08713692946058091
43,0.36086956521739133,0.5739130434782609,0.06521739130434782
44,0.3165137614678899,0.6009174311926605,0.08256880733944955
45,0.305019305019305,0.5907335907335908,0.10424710424710425
46,0.30218068535825543,0.3862928348909657,0.3115264797507788
47,0.21084337349397592,0.4397590361445783,0.3493975903614458
48,0.30943396226415093,0.6188679245283019,0.07169811320754717
49,0.3835616438356164,0.5205479452054794,0.0958904109589041
50,0.3877551020408163,0.5204081632653061,0.09183673469387756
51,0.3365695792880259,0.598705501618123,0.06472491909385113
52,0.32793522267206476,0.562753036437247,0.10931174089068826
53,0.4044943820224719,0.5280898876404494,0.06741573033707865
54,0.3905325443786982,0.5325443786982249,0.07692307692307693
55,0.4,0.5230769230769231,0.07692307692307693
56,0.35384615384615387,0.558974358974359,0.08717948717948718
57,0.3987730061349693,0.5214723926380368,0.07975460122699386
58,0.33668341708542715,0.6080402010050251,0.05527638190954774
59,0.33695652173913043,0.5597826086956522,0.10326086956521739
60,0.3793103448275862,0.5057471264367817,0.11494252873563218
61,0.37735849056603776,0.5408805031446541,0.08176100628930817
62,0.3393939393939394,0.509090909090909,0.15151515151515152
63,0.3546511627906977,0.5872093023255814,0.05813953488372093
64,0.30656934306569344,0.5693430656934306,0.12408759124087591
65,0.38323353293413176,0.46706586826347307,0.1497005988023952
66,0.3464052287581699,0.45751633986928103,0.19607843137254902
67,0.42408376963350786,0.43455497382198954,0.14136125654450263
68,0.3333333333333333,0.5751633986928104,0.0915032679738562
69,0.3235294117647059,0.6411764705882353,0.03529411764705882
70,0.45054945054945056,0.47802197802197804,0.07142857142857142
71,0.30714285714285716,0.5,0.19285714285714287
72,0.2878787878787879,0.6212121212121212,0.09090909090909091
73,0.38636363636363635,0.5151515151515151,0.09848484848484848
74,0.5130434782608696,0.41739130434782606,0.06956521739130435
75,0.4166666666666667,0.5486111111111112,0.034722222222222224
76,0.41284403669724773,0.41284403669724773,0.1743119266055046
77,0.36809815950920244,0.5337423312883436,0.09815950920245399
78,0.4175824175824176,0.510989010989011,0.07142857142857142
79,0.39766081871345027,0.52046783625731,0.08187134502923976
80,0.551622418879056,0.41002949852507375,0.038348082595870206
81,0.5131195335276968,0.4402332361516035,0.04664723032069971
82,0.4618834080717489,0.45739910313901344,0.08071748878923767
83,0.42105263157894735,0.4678362573099415,0.1111111111111111
84,0.4031413612565445,0.5235602094240838,0.07329842931937172
85,0.5135135135135135,0.4391891891891892,0.0472972972972973
86,0.3798449612403101,0.5658914728682171,0.05426356589147287
87,0.3504273504273504,0.5299145299145299,0.11965811965811966
88,0.4628099173553719,0.4214876033057851,0.11570247933884298
89,0.4338235294117647,0.4411764705882353,0.125
90,0.3656716417910448,0.5373134328358209,0.09701492537313433
91,0.40816326530612246,0.5374149659863946,0.05442176870748299
92,0.43089430894308944,0.43902439024390244,0.13008130081300814
93,0.3939393939393939,0.5454545454545454,0.06060606060606061
94,0.41379310344827586,0.5431034482758621,0.04310344827586207
95,0.48717948717948717,0.46153846153846156,0.05128205128205128
96,0.5073529411764706,0.4485294117647059,0.04411764705882353
97,0.38016528925619836,0.6033057851239669,0.01652892561983471
98,0.4382716049382716,0.5061728395061729,0.05555555555555555
99,0.46987951807228917,0.463855421686747,0.06626506024096386
100,0.33974358974358976,0.5705128205128205,0.08974358974358974
101,0.4189189189189189,0.4864864864864865,0.0945945945945946
102,0.35877862595419846,0.5114503816793893,0.1297709923664122
103,0.5279503105590062,0.43478260869565216,0.037267080745341616
104,0.5076923076923077,0.45384615384615384,0.038461538461538464
105,0.3333333333333333,0.5925925925925926,0.07407407407407407
106,0.3333333333333333,0.6095238095238096,0.05714285714285714
107,0.3712121212121212,0.5606060606060606,0.06818181818181818
108,0.3978494623655914,0.4946236559139785,0.10752688172043011
109,0.313953488372093,0.5813953488372093,0.10465116279069768
110,0.25,0.6710526315789473,0.07894736842105263
111,0.2608695652173913,0.6521739130434783,0.08695652173913043
112,0.38095238095238093,0.47619047619047616,0.14285714285714285
113,0.3404255319148936,0.5531914893617021,0.10638297872340426
114,0.38271604938271603,0.5185185185185185,0.09876543209876543
115,0.4520547945205479,0.5342465753424658,0.0136986301369863
116,0.3884297520661157,0.5537190082644629,0.05785123966942149
117,0.40625,0.5520833333333334,0.041666666666666664
118,0.4666666666666667,0.4444444444444444,0.08888888888888889
119,0.3058823529411765,0.611764705882353,0.08235294117647059
120,0.4,0.5473684210526316,0.05263157894736842
121,0.5344827586206896,0.3793103448275862,0.08620689655172414
122,0.4,0.5714285714285714,0.02857142857142857
123,0.4835164835164835,0.4175824175824176,0.0989010989010989
124,0.43661971830985913,0.4647887323943662,0.09859154929577464
125,0.2558139534883721,0.627906976744186,0.11627906976744186
126,0.4520547945205479,0.5342465753424658,0.0136986301369863
127,0.391304347826087,0.4782608695652174,0.13043478260869565
128,0.3333333333333333,0.6,0.06666666666666667
129,0.5212765957446809,0.39361702127659576,0.0851063829787234
130,0.4444444444444444,0.5185185185185185,0.037037037037037035
131,0.3870967741935484,0.41935483870967744,0.1935483870967742
132,0.4696969696969697,0.5,0.030303030303030304
133,0.38181818181818183,0.5454545454545454,0.07272727272727272
134,0.37735849056603776,0.6037735849056604,0.018867924528301886
135,0.40476190476190477,0.4523809523809524,0.14285714285714285
136,0.379746835443038,0.5316455696202531,0.08860759493670886
137,0.36065573770491804,0.3770491803278688,0.26229508196721313
138,0.25925925925925924,0.5802469135802469,0.16049382716049382
139,0.42857142857142855,0.5357142857142857,0.03571428571428571
140,0.3898305084745763,0.5423728813559322,0.06779661016949153
141,0.4782608695652174,0.34782608695652173,0.17391304347826086
142,0.28378378378378377,0.5945945945945946,0.12162162162162163
143,0.4864864864864865,0.32432432432432434,0.1891891891891892
144,0.5151515151515151,0.4090909090909091,0.07575757575757576
145,0.323943661971831,0.5774647887323944,0.09859154929577464
146,0.35,0.5,0.15
147,0.4915254237288136,0.4406779661016949,0.06779661016949153
148,0.5,0.46551724137931033,0.034482758620689655
149,0.4189189189189189,0.527027027027027,0.05405405405405406
150,0.6511627906976745,0.3023255813953488,0.046511627906976744
151,0.52,0.44,0.04
152,0.5862068965517241,0.3218390804597701,0.09195402298850575
153,0.45714285714285713,0.4714285714285714,0.07142857142857142
154,0.6164383561643836,0.3013698630136986,0.0821917808219178
155,0.5157894736842106,0.4,0.08421052631578947
156,0.5714285714285714,0.38095238095238093,0.047619047619047616
157,0.5813953488372093,0.4186046511627907,0.0
158,0.4639175257731959,0.44329896907216493,0.09278350515463918
159,0.3548387096774194,0.5483870967741935,0.0967741935483871
160,0.46153846153846156,0.49038461538461536,0.04807692307692308
161,0.5774647887323944,0.38028169014084506,0.04225352112676056
162,0.4782608695652174,0.463768115942029,0.057971014492753624
163,0.44660194174757284,0.49514563106796117,0.05825242718446602
164,0.3829787234042553,0.5425531914893617,0.07446808510638298
165,0.43820224719101125,0.449438202247191,0.11235955056179775
166,0.5267857142857143,0.41964285714285715,0.05357142857142857
167,0.37209302325581395,0.5271317829457365,0.10077519379844961
168,0.46788990825688076,0.45871559633027525,0.07339449541284404
169,0.49557522123893805,0.45132743362831856,0.05309734513274336
170,0.47706422018348627,0.46788990825688076,0.05504587155963303
171,0.4942528735632184,0.42528735632183906,0.08045977011494253
172,0.4270833333333333,0.4895833333333333,0.08333333333333333
173,0.43548387096774194,0.43548387096774194,0.12903225806451613
174,0.45161290322580644,0.5053763440860215,0.043010752688172046
175,0.4126984126984127,0.5079365079365079,0.07936507936507936
176,0.29292929292929293,0.6161616161616161,0.09090909090909091
177,0.323943661971831,0.5633802816901409,0.11267605633802817
178,0.3508771929824561,0.5789473684210527,0.07017543859649122
179,0.41304347826086957,0.5217391304347826,0.06521739130434782
180,0.3897058823529412,0.47794117647058826,0.1323529411764706
181,0.40869565217391307,0.4782608695652174,0.11304347826086956
182,0.35344827586206895,0.5948275862068966,0.05172413793103448
183,0.3712121212121212,0.6060606060606061,0.022727272727272728
184,0.43037974683544306,0.5126582278481012,0.056962025316455694
185,0.45925925925925926,0.4666666666666667,0.07407407407407407
186,0.48031496062992124,0.47244094488188976,0.047244094488188976
187,0.4766355140186916,0.45794392523364486,0.06542056074766354
188,0.4077669902912621,0.5533980582524272,0.038834951456310676
189,0.3974358974358974,0.5512820512820513,0.05128205128205128
190,0.4936708860759494,0.43037974683544306,0.0759493670886076
191,0.3953488372093023,0.5348837209302325,0.06976744186046512
192,0.3924050632911392,0.4810126582278481,0.12658227848101267
193,0.4666666666666667,0.4777777777777778,0.05555555555555555
194,0.5,0.46078431372549017,0.0392156862745098
195,0.43636363636363634,0.4,0.16363636363636364
196,0.4,0.52,0.08
197,0.34615384615384615,0.5961538461538461,0.057692307692307696
198,0.4430379746835443,0.45569620253164556,0.10126582278481013
199,0.7160493827160493,0.25925925925925924,0.024691358024691357
200,0.32,0.64,0.04
201,0.5465116279069767,0.4069767441860465,0.046511627906976744
202,0.3146067415730337,0.6404494382022472,0.0449438202247191
203,0.25333333333333335,0.6533333333333333,0.09333333333333334
204,0.36363636363636365,0.6181818181818182,0.01818181818181818
205,0.48484848484848486,0.3939393939393939,0.12121212121212122
206,0.35135135135135137,0.5945945945945946,0.05405405405405406
207,0.5,0.4583333333333333,0.041666666666666664
208,0.40384615384615385,0.5576923076923077,0.038461538461538464
209,0.5,0.4482758620689655,0.05172413793103448
210,0.4142857142857143,0.5142857142857142,0.07142857142857142
211,0.43661971830985913,0.4788732394366197,0.08450704225352113
212,0.2727272727272727,0.6212121212121212,0.10606060606060606
213,0.425,0.4875,0.0875
214,0.6,0.38181818181818183,0.01818181818181818
215,0.4909090909090909,0.4727272727272727,0.03636363636363636
216,0.4,0.5230769230769231,0.07692307692307693
217,0.5555555555555556,0.4222222222222222,0.022222222222222223
218,0.5370370370370371,0.4444444444444444,0.018518518518518517
219,0.4067796610169492,0.4576271186440678,0.13559322033898305
220,0.45569620253164556,0.43037974683544306,0.11392405063291139
221,0.44594594594594594,0.5,0.05405405405405406
222,0.532258064516129,0.3870967741935484,0.08064516129032258
223,0.5606060606060606,0.3939393939393939,0.045454545454545456
224,0.47126436781609193,0.45977011494252873,0.06896551724137931
225,0.475,0.475,0.05
226,0.3780487804878049,0.5609756097560976,0.06097560975609756
227,0.5,0.4411764705882353,0.058823529411764705
228,0.43333333333333335,0.43333333333333335,0.13333333333333333
229,0.5555555555555556,0.42592592592592593,0.018518518518518517
230,0.44166666666666665,0.48333333333333334,0.075
231,0.5714285714285714,0.42857142857142855,0.0
232,0.4880952380952381,0.47619047619047616,0.03571428571428571
233,0.5168539325842697,0.4157303370786517,0.06741573033707865
234,0.4457831325301205,0.3373493975903614,0.21686746987951808
235,0.4144144144144144,0.4594594594594595,0.12612612612612611
236,0.42857142857142855,0.47619047619047616,0.09523809523809523
237,0.3763440860215054,0.5053763440860215,0.11827956989247312
238,0.5652173913043478,0.3333333333333333,0.10144927536231885
239,0.3466666666666667,0.4,0.25333333333333335
240,0.2988505747126437,0.42528735632183906,0.27586206896551724
241,0.4246575342465753,0.410958904109589,0.1643835616438356
242,0.31343283582089554,0.34328358208955223,0.34328358208955223
243,0.3380281690140845,0.38028169014084506,0.28169014084507044
244,0.6842105263157895,0.2894736842105263,0.02631578947368421
245,0.3058823529411765,0.6588235294117647,0.03529411764705882
246,0.5681818181818182,0.36363636363636365,0.06818181818181818
247,0.47058823529411764,0.29411764705882354,0.23529411764705882
248,0.4727272727272727,0.4,0.12727272727272726
249,0.6,0.35714285714285715,0.04285714285714286
250,0.5333333333333333,0.4,0.06666666666666667
251,0.3695652173913043,0.5217391304347826,0.10869565217391304
252,0.2727272727272727,0.6363636363636364,0.09090909090909091
253,0.37142857142857144,0.5428571428571428,0.08571428571428572
254,0.3103448275862069,0.5172413793103449,0.1724137931034483
255,0.43333333333333335,0.5,0.06666666666666667
256,0.46808510638297873,0.425531914893617,0.10638297872340426
257,0.2777777777777778,0.5925925925925926,0.12962962962962962
258,0.352112676056338,0.5211267605633803,0.1267605633802817
259,0.5,0.4411764705882353,0.058823529411764705
260,0.4,0.4727272727272727,0.12727272727272726
261,0.2608695652173913,0.6304347826086957,0.10869565217391304
262,0.34615384615384615,0.46153846153846156,0.19230769230769232
263,0.5,0.46875,0.03125
264,0.11428571428571428,0.5714285714285714,0.3142857142857143
265,0.38095238095238093,0.4523809523809524,0.16666666666666666
266,0.2653061224489796,0.6938775510204082,0.04081632653061224
267,0.48148148148148145,0.48148148148148145,0.037037037037037035
268,0.45161290322580644,0.45161290322580644,0.0967741935483871
269,0.4166666666666667,0.4583333333333333,0.125
270,0.2926829268292683,0.6097560975609756,0.0975609756097561
271,0.20689655172413793,0.5689655172413793,0.22413793103448276
272,0.19230769230769232,0.6153846153846154,0.19230769230769232
273,0.375,0.59375,0.03125
274,0.25806451612903225,0.5161290322580645,0.22580645161290322
275,0.14285714285714285,0.7714285714285715,0.08571428571428572
276,0.5,0.35,0.15
277,0.5454545454545454,0.2727272727272727,0.18181818181818182
278,0.36585365853658536,0.5853658536585366,0.04878048780487805
279,0.47368421052631576,0.4473684210526316,0.07894736842105263
280,0.29411764705882354,0.5588235294117647,0.14705882352941177
281,0.3137254901960784,0.6078431372549019,0.0784313725490196
282,0.2909090909090909,0.6,0.10909090909090909
283,0.15,0.7666666666666667,0.08333333333333333
284,0.25,0.6785714285714286,0.07142857142857142
285,0.38095238095238093,0.6190476190476191,0.0
286,0.16071428571428573,0.8035714285714286,0.03571428571428571
287,0.20512820512820512,0.717948717948718,0.07692307692307693
288,0.21739130434782608,0.7101449275362319,0.07246376811594203
289,0.34,0.58,0.08
290,0.3709677419354839,0.532258064516129,0.0967741935483871
291,0.25,0.725,0.025
292,0.5952380952380952,0.38095238095238093,0.023809523809523808
293,0.40625,0.46875,0.125
294,0.5238095238095238,0.42857142857142855,0.047619047619047616
295,0.5,0.45652173913043476,0.043478260869565216
296,0.37209302325581395,0.3953488372093023,0.23255813953488372
297,0.3333333333333333,0.6444444444444445,0.022222222222222223
298,0.4444444444444444,0.5111111111111111,0.044444444444444446
299,0.42105263157894735,0.5789473684210527,0.0
300,0.37037037037037035,0.5925925925925926,0.037037037037037035
301,0.3103448275862069,0.6551724137931034,0.034482758620689655
302,0.46153846153846156,0.46153846153846156,0.07692307692307693
303,0.5,0.5,0.0
304,0.5,0.4444444444444444,0.05555555555555555
305,0.3111111111111111,0.6222222222222222,0.06666666666666667
306,0.3103448275862069,0.6551724137931034,0.034482758620689655
307,0.4074074074074074,0.5555555555555556,0.037037037037037035
308,0.1568627450980392,0.7843137254901961,0.058823529411764705
309,0.34,0.5,0.16
310,0.23636363636363636,0.5272727272727272,0.23636363636363636
311,0.38461538461538464,0.5384615384615384,0.07692307692307693
312,0.42857142857142855,0.5714285714285714,0.0
313,0.4090909090909091,0.5909090909090909,0.0
314,0.56,0.36,0.08
315,0.3333333333333333,0.4166666666666667,0.25
316,0.25,0.625,0.125
317,0.35,0.55,0.1
318,0.11538461538461539,0.6538461538461539,0.23076923076923078
319,0.45454545454545453,0.5454545454545454,0.0
