,0,1,2
0,0.85,0.15,0.0
1,0.7142857142857143,0.21428571428571427,0.07142857142857142
2,0.7333333333333333,0.26666666666666666,0.0
3,0.8275862068965517,0.1724137931034483,0.0
4,0.6,0.35,0.05
5,0.6949152542372882,0.3050847457627119,0.0
6,0.7017543859649122,0.24561403508771928,0.05263157894736842
7,0.6585365853658537,0.34146341463414637,0.0
8,0.5645161290322581,0.3870967741935484,0.04838709677419355
9,0.5757575757575758,0.3939393939393939,0.030303030303030304
10,0.6,0.2571428571428571,0.14285714285714285
11,0.75,0.25,0.0
12,0.7105263157894737,0.23684210526315788,0.05263157894736842
13,0.6212121212121212,0.3484848484848485,0.030303030303030304
14,0.5921052631578947,0.3815789473684211,0.02631578947368421
15,0.7912087912087912,0.17582417582417584,0.03296703296703297
16,0.7159090909090909,0.23863636363636365,0.045454545454545456
17,0.6935483870967742,0.20967741935483872,0.0967741935483871
18,0.35384615384615387,0.5923076923076923,0.05384615384615385
19,0.5350877192982456,0.43859649122807015,0.02631578947368421
20,0.5891472868217055,0.3953488372093023,0.015503875968992248
21,0.5813953488372093,0.3813953488372093,0.037209302325581395
22,0.5217391304347826,0.39565217391304347,0.08260869565217391
23,0.515695067264574,0.42152466367713004,0.06278026905829596
24,0.5780590717299579,0.3670886075949367,0.05485232067510549
25,0.44673539518900346,0.5120274914089347,0.041237113402061855
26,0.49047619047619045,0.43333333333333335,0.0761904761904762
27,0.46,0.47333333333333333,0.06666666666666667
28,0.4370629370629371,0.4965034965034965,0.06643356643356643
29,0.51985559566787,0.4223826714801444,0.05776173285198556
30,0.4981132075471698,0.4641509433962264,0.03773584905660377
31,0.4740061162079511,0.43119266055045874,0.09480122324159021
32,0.4475703324808184,0.48081841432225064,0.07161125319693094
33,0.45692883895131087,0.49063670411985016,0.052434456928838954
34,0.50187265917603,0.41198501872659177,0.08614232209737828
35,0.5769230769230769,0.3547008547008547,0.06837606837606838
36,0.4921259842519685,0.4251968503937008,0.08267716535433071
37,0.4770992366412214,0.45038167938931295,0.07251908396946564
38,0.5,0.4387755102040816,0.061224489795918366
39,0.5,0.37969924812030076,0.12030075187969924
40,0.46953405017921146,0.44802867383512546,0.08243727598566308
41,0.45692883895131087,0.47191011235955055,0.07116104868913857
42,0.5103734439834025,0.4107883817427386,0.07883817427385892
43,0.5130434782608696,0.43478260869565216,0.05217391304347826
44,0.5045871559633027,0.42660550458715596,0.06880733944954129
45,0.4517374517374517,0.444015444015444,0.10424710424710425
46,0.42679127725856697,0.30218068535825543,0.27102803738317754
47,0.3614457831325301,0.3132530120481928,0.3253012048192771
48,0.4528301886792453,0.47924528301886793,0.06792452830188679
49,0.4840182648401826,0.4520547945205479,0.0639269406392694
50,0.5561224489795918,0.37755102040816324,0.0663265306122449
51,0.4563106796116505,0.48220064724919093,0.061488673139158574
52,0.4493927125506073,0.4534412955465587,0.09716599190283401
53,0.5355805243445693,0.40074906367041196,0.06367041198501873
54,0.5266272189349113,0.4319526627218935,0.04142011834319527
55,0.48717948717948717,0.4358974358974359,0.07692307692307693
56,0.39487179487179486,0.5025641025641026,0.10256410256410256
57,0.49693251533742333,0.44785276073619634,0.05521472392638037
58,0.4020100502512563,0.5527638190954773,0.04522613065326633
59,0.42391304347826086,0.4673913043478261,0.10869565217391304
60,0.4885057471264368,0.39080459770114945,0.1206896551724138
61,0.49056603773584906,0.4339622641509434,0.07547169811320754
62,0.47878787878787876,0.40606060606060607,0.11515151515151516
63,0.45930232558139533,0.4476744186046512,0.09302325581395349
64,0.44525547445255476,0.46715328467153283,0.08759124087591241
65,0.5149700598802395,0.3592814371257485,0.12574850299401197
66,0.4444444444444444,0.35294117647058826,0.20261437908496732
67,0.5445026178010471,0.34554973821989526,0.1099476439790576
68,0.45751633986928103,0.46405228758169936,0.0784313725490196
69,0.47058823529411764,0.4823529411764706,0.047058823529411764
70,0.5769230769230769,0.3241758241758242,0.0989010989010989
71,0.4642857142857143,0.32857142857142857,0.20714285714285716
72,0.48484848484848486,0.4318181818181818,0.08333333333333333
73,0.5378787878787878,0.3939393939393939,0.06818181818181818
74,0.5826086956521739,0.34782608695652173,0.06956521739130435
75,0.4930555555555556,0.4583333333333333,0.04861111111111111
76,0.5091743119266054,0.3302752293577982,0.16055045871559634
77,0.5214723926380368,0.4171779141104294,0.06134969325153374
78,0.4725274725274725,0.4725274725274725,0.054945054945054944
79,0.49707602339181284,0.4619883040935672,0.04093567251461988
80,0.7079646017699115,0.26843657817109146,0.02359882005899705
81,0.6763848396501457,0.27988338192419826,0.043731778425655975
82,0.547085201793722,0.37668161434977576,0.07623318385650224
83,0.4678362573099415,0.4619883040935672,0.07017543859649122
84,0.46596858638743455,0.47643979057591623,0.05759162303664921
85,0.5878378378378378,0.34459459459459457,0.06756756756756757
86,0.5348837209302325,0.3953488372093023,0.06976744186046512
87,0.49572649572649574,0.4017094017094017,0.10256410256410256
88,0.6115702479338843,0.30578512396694213,0.08264462809917356
89,0.5220588235294118,0.3602941176470588,0.11764705882352941
90,0.48507462686567165,0.43283582089552236,0.08208955223880597
91,0.4965986394557823,0.48299319727891155,0.02040816326530612
92,0.5772357723577236,0.3089430894308943,0.11382113821138211
93,0.5303030303030303,0.4318181818181818,0.03787878787878788
94,0.6293103448275862,0.3017241379310345,0.06896551724137931
95,0.6217948717948718,0.3525641025641026,0.02564102564102564
96,0.6470588235294118,0.34558823529411764,0.007352941176470588
97,0.5041322314049587,0.48760330578512395,0.008264462809917356
98,0.5555555555555556,0.38271604938271603,0.06172839506172839
99,0.4939759036144578,0.4457831325301205,0.060240963855421686
100,0.46794871794871795,0.4551282051282051,0.07692307692307693
101,0.49324324324324326,0.44594594594594594,0.060810810810810814
102,0.4122137404580153,0.5038167938931297,0.08396946564885496
103,0.5962732919254659,0.37267080745341613,0.031055900621118012
104,0.5307692307692308,0.4307692307692308,0.038461538461538464
105,0.4740740740740741,0.4962962962962963,0.02962962962962963
106,0.5047619047619047,0.44761904761904764,0.047619047619047616
107,0.5378787878787878,0.4318181818181818,0.030303030303030304
108,0.5268817204301075,0.3655913978494624,0.10752688172043011
109,0.43023255813953487,0.5116279069767442,0.05813953488372093
110,0.39473684210526316,0.4868421052631579,0.11842105263157894
111,0.4782608695652174,0.4782608695652174,0.043478260869565216
112,0.5595238095238095,0.32142857142857145,0.11904761904761904
113,0.4787234042553192,0.40425531914893614,0.11702127659574468
114,0.4074074074074074,0.5061728395061729,0.08641975308641975
115,0.5205479452054794,0.4657534246575342,0.0136986301369863
116,0.5950413223140496,0.3884297520661157,0.01652892561983471
117,0.5104166666666666,0.4375,0.052083333333333336
118,0.43333333333333335,0.45555555555555555,0.1111111111111111
119,0.4117647058823529,0.4588235294117647,0.12941176470588237
120,0.5263157894736842,0.4105263157894737,0.06315789473684211
121,0.5689655172413793,0.3620689655172414,0.06896551724137931
122,0.5,0.4857142857142857,0.014285714285714285
123,0.5934065934065934,0.2967032967032967,0.10989010989010989
124,0.49295774647887325,0.4225352112676056,0.08450704225352113
125,0.3488372093023256,0.5813953488372093,0.06976744186046512
126,0.6027397260273972,0.3698630136986301,0.0273972602739726
127,0.5217391304347826,0.37681159420289856,0.10144927536231885
128,0.5111111111111111,0.4222222222222222,0.06666666666666667
129,0.574468085106383,0.3723404255319149,0.05319148936170213
130,0.5740740740740741,0.37037037037037035,0.05555555555555555
131,0.5,0.3709677419354839,0.12903225806451613
132,0.5606060606060606,0.42424242424242425,0.015151515151515152
133,0.509090909090909,0.45454545454545453,0.03636363636363636
134,0.4528301886792453,0.4716981132075472,0.07547169811320754
135,0.5,0.38095238095238093,0.11904761904761904
136,0.5063291139240507,0.43037974683544306,0.06329113924050633
137,0.45901639344262296,0.4262295081967213,0.11475409836065574
138,0.37037037037037035,0.5679012345679012,0.06172839506172839
139,0.4642857142857143,0.44642857142857145,0.08928571428571429
140,0.4915254237288136,0.4745762711864407,0.03389830508474576
141,0.5434782608695652,0.32608695652173914,0.13043478260869565
142,0.4189189189189189,0.4594594594594595,0.12162162162162163
143,0.5945945945945946,0.24324324324324326,0.16216216216216217
144,0.5454545454545454,0.42424242424242425,0.030303030303030304
145,0.4507042253521127,0.4788732394366197,0.07042253521126761
146,0.5166666666666667,0.36666666666666664,0.11666666666666667
147,0.711864406779661,0.2711864406779661,0.01694915254237288
148,0.6379310344827587,0.3448275862068966,0.017241379310344827
149,0.44594594594594594,0.47297297297297297,0.08108108108108109
150,0.7209302325581395,0.23255813953488372,0.046511627906976744
151,0.66,0.24,0.1
152,0.6436781609195402,0.2988505747126437,0.05747126436781609
153,0.6285714285714286,0.34285714285714286,0.02857142857142857
154,0.6712328767123288,0.3150684931506849,0.0136986301369863
155,0.6526315789473685,0.3157894736842105,0.031578947368421054
156,0.6285714285714286,0.3142857142857143,0.05714285714285714
157,0.6976744186046512,0.2558139534883721,0.046511627906976744
158,0.5463917525773195,0.3711340206185567,0.08247422680412371
159,0.5483870967741935,0.3548387096774194,0.0967741935483871
160,0.5384615384615384,0.40384615384615385,0.057692307692307696
161,0.5774647887323944,0.39436619718309857,0.028169014084507043
162,0.5507246376811594,0.36231884057971014,0.08695652173913043
163,0.5728155339805825,0.3592233009708738,0.06796116504854369
164,0.48936170212765956,0.4787234042553192,0.031914893617021274
165,0.6404494382022472,0.2808988764044944,0.07865168539325842
166,0.5892857142857143,0.39285714285714285,0.017857142857142856
167,0.5038759689922481,0.40310077519379844,0.09302325581395349
168,0.6422018348623854,0.30275229357798167,0.05504587155963303
169,0.5663716814159292,0.39823008849557523,0.035398230088495575
170,0.5229357798165137,0.42201834862385323,0.05504587155963303
171,0.5747126436781609,0.3448275862068966,0.08045977011494253
172,0.53125,0.40625,0.0625
173,0.5161290322580645,0.3870967741935484,0.0967741935483871
174,0.6021505376344086,0.3548387096774194,0.043010752688172046
175,0.5079365079365079,0.47619047619047616,0.015873015873015872
176,0.40404040404040403,0.45454545454545453,0.1414141414141414
177,0.4154929577464789,0.45774647887323944,0.1267605633802817
178,0.5175438596491229,0.40350877192982454,0.07894736842105263
179,0.5652173913043478,0.34782608695652173,0.08695652173913043
180,0.5808823529411765,0.3235294117647059,0.09558823529411764
181,0.5304347826086957,0.3739130434782609,0.09565217391304348
182,0.4482758620689655,0.5,0.05172413793103448
183,0.4015151515151515,0.5606060606060606,0.03787878787878788
184,0.5506329113924051,0.41139240506329117,0.0379746835443038
185,0.6666666666666666,0.28888888888888886,0.044444444444444446
186,0.5669291338582677,0.4015748031496063,0.031496062992125984
187,0.6448598130841121,0.29906542056074764,0.056074766355140186
188,0.5048543689320388,0.4174757281553398,0.07766990291262135
189,0.46153846153846156,0.5128205128205128,0.02564102564102564
190,0.5949367088607594,0.35443037974683544,0.05063291139240506
191,0.5,0.4418604651162791,0.05813953488372093
192,0.43037974683544306,0.5316455696202531,0.0379746835443038
193,0.5111111111111111,0.4222222222222222,0.06666666666666667
194,0.5980392156862745,0.38235294117647056,0.0196078431372549
195,0.4909090909090909,0.33636363636363636,0.17272727272727273
196,0.5333333333333333,0.4,0.06666666666666667
197,0.4807692307692308,0.49038461538461536,0.028846153846153848
198,0.5189873417721519,0.4430379746835443,0.0379746835443038
199,0.7160493827160493,0.2716049382716049,0.012345679012345678
200,0.336,0.584,0.08
201,0.6976744186046512,0.26744186046511625,0.03488372093023256
202,0.4157303370786517,0.5393258426966292,0.0449438202247191
203,0.3333333333333333,0.6133333333333333,0.05333333333333334
204,0.45454545454545453,0.4727272727272727,0.07272727272727272
205,0.5606060606060606,0.3333333333333333,0.10606060606060606
206,0.5405405405405406,0.32432432432432434,0.13513513513513514
207,0.5555555555555556,0.4166666666666667,0.027777777777777776
208,0.5384615384615384,0.40384615384615385,0.057692307692307696
209,0.603448275862069,0.3275862068965517,0.06896551724137931
210,0.5714285714285714,0.37142857142857144,0.05714285714285714
211,0.5633802816901409,0.36619718309859156,0.07042253521126761
212,0.36363636363636365,0.5606060606060606,0.07575757575757576
213,0.5125,0.425,0.0625
214,0.6181818181818182,0.36363636363636365,0.01818181818181818
215,0.6545454545454545,0.32727272727272727,0.01818181818181818
216,0.5076923076923077,0.47692307692307695,0.015384615384615385
217,0.6444444444444445,0.35555555555555557,0.0
218,0.6111111111111112,0.3888888888888889,0.0
219,0.4915254237288136,0.4576271186440678,0.05084745762711865
220,0.5569620253164557,0.3291139240506329,0.11392405063291139
221,0.581081081081081,0.3108108108108108,0.10810810810810811
222,0.5967741935483871,0.3064516129032258,0.0967741935483871
223,0.6363636363636364,0.3333333333333333,0.030303030303030304
224,0.5747126436781609,0.367816091954023,0.05747126436781609
225,0.575,0.35,0.075
226,0.47560975609756095,0.4878048780487805,0.036585365853658534
227,0.5588235294117647,0.37254901960784315,0.06862745098039216
228,0.6222222222222222,0.26666666666666666,0.1111111111111111
229,0.5925925925925926,0.35185185185185186,0.05555555555555555
230,0.55,0.39166666666666666,0.058333333333333334
231,0.75,0.25,0.0
232,0.5595238095238095,0.39285714285714285,0.047619047619047616
233,0.5842696629213483,0.3595505617977528,0.056179775280898875
234,0.5421686746987951,0.24096385542168675,0.21686746987951808
235,0.5765765765765766,0.34234234234234234,0.08108108108108109
236,0.6071428571428571,0.27380952380952384,0.11904761904761904
237,0.4838709677419355,0.43010752688172044,0.08602150537634409
238,0.6231884057971014,0.30434782608695654,0.07246376811594203
239,0.44,0.3333333333333333,0.22666666666666666
240,0.39080459770114945,0.3563218390804598,0.25287356321839083
241,0.5205479452054794,0.273972602739726,0.2054794520547945
242,0.5223880597014925,0.22388059701492538,0.2537313432835821
243,0.5915492957746479,0.14084507042253522,0.2676056338028169
244,0.7894736842105263,0.18421052631578946,0.02631578947368421
245,0.36470588235294116,0.611764705882353,0.023529411764705882
246,0.6590909090909091,0.25,0.09090909090909091
247,0.5098039215686274,0.3333333333333333,0.1568627450980392
248,0.5454545454545454,0.32727272727272727,0.12727272727272726
249,0.7,0.22857142857142856,0.07142857142857142
250,0.7333333333333333,0.23333333333333334,0.03333333333333333
251,0.43478260869565216,0.5,0.06521739130434782
252,0.3939393939393939,0.5151515151515151,0.09090909090909091
253,0.5428571428571428,0.34285714285714286,0.11428571428571428
254,0.4482758620689655,0.3793103448275862,0.1724137931034483
255,0.36666666666666664,0.5666666666666667,0.06666666666666667
256,0.5106382978723404,0.40425531914893614,0.0851063829787234
257,0.3888888888888889,0.5370370370370371,0.07407407407407407
258,0.352112676056338,0.5211267605633803,0.1267605633802817
259,0.5588235294117647,0.35294117647058826,0.08823529411764706
260,0.5636363636363636,0.38181818181818183,0.05454545454545454
261,0.391304347826087,0.41304347826086957,0.1956521739130435
262,0.5769230769230769,0.15384615384615385,0.2692307692307692
263,0.65625,0.28125,0.0625
264,0.2,0.4857142857142857,0.3142857142857143
265,0.5,0.3333333333333333,0.16666666666666666
266,0.22448979591836735,0.6122448979591837,0.16326530612244897
267,0.5740740740740741,0.3148148148148148,0.1111111111111111
268,0.3870967741935484,0.41935483870967744,0.1935483870967742
269,0.4583333333333333,0.4791666666666667,0.0625
270,0.43902439024390244,0.4634146341463415,0.0975609756097561
271,0.27586206896551724,0.6206896551724138,0.10344827586206896
272,0.3076923076923077,0.5576923076923077,0.1346153846153846
273,0.5,0.453125,0.046875
274,0.3225806451612903,0.5483870967741935,0.12903225806451613
275,0.2571428571428571,0.6857142857142857,0.05714285714285714
276,0.55,0.3,0.15
277,0.48484848484848486,0.3939393939393939,0.12121212121212122
278,0.43902439024390244,0.4634146341463415,0.0975609756097561
279,0.5,0.39473684210526316,0.10526315789473684
280,0.3235294117647059,0.4411764705882353,0.23529411764705882
281,0.35294117647058826,0.5098039215686274,0.13725490196078433
282,0.32727272727272727,0.5454545454545454,0.12727272727272726
283,0.3,0.6,0.1
284,0.32142857142857145,0.6428571428571429,0.03571428571428571
285,0.47619047619047616,0.47619047619047616,0.047619047619047616
286,0.26785714285714285,0.6607142857142857,0.07142857142857142
287,0.2564102564102564,0.6410256410256411,0.10256410256410256
288,0.2463768115942029,0.6086956521739131,0.14492753623188406
289,0.34,0.52,0.14
290,0.41935483870967744,0.46774193548387094,0.11290322580645161
291,0.3,0.7,0.0
292,0.5476190476190477,0.42857142857142855,0.023809523809523808
293,0.4375,0.53125,0.03125
294,0.47619047619047616,0.42857142857142855,0.09523809523809523
295,0.5,0.45652173913043476,0.043478260869565216
296,0.27906976744186046,0.6511627906976745,0.06976744186046512
297,0.4444444444444444,0.5555555555555556,0.0
298,0.6222222222222222,0.35555555555555557,0.022222222222222223
299,0.47368421052631576,0.47368421052631576,0.05263157894736842
300,0.48148148148148145,0.48148148148148145,0.037037037037037035
301,0.4827586206896552,0.4827586206896552,0.034482758620689655
302,0.46153846153846156,0.46153846153846156,0.07692307692307693
303,0.5666666666666667,0.43333333333333335,0.0
304,0.6666666666666666,0.2777777777777778,0.05555555555555555
305,0.37777777777777777,0.5111111111111111,0.1111111111111111
306,0.41379310344827586,0.4827586206896552,0.10344827586206896
307,0.48148148148148145,0.5185185185185185,0.0
308,0.35294117647058826,0.5882352941176471,0.058823529411764705
309,0.52,0.28,0.2
310,0.2545454545454545,0.509090909090909,0.23636363636363636
311,0.4230769230769231,0.5,0.07692307692307693
312,0.5357142857142857,0.4642857142857143,0.0
313,0.4090909090909091,0.4090909090909091,0.18181818181818182
314,0.68,0.28,0.04
315,0.4166666666666667,0.4166666666666667,0.16666666666666666
316,0.4375,0.4375,0.125
317,0.45,0.45,0.1
318,0.19230769230769232,0.6538461538461539,0.15384615384615385
319,0.45454545454545453,0.5454545454545454,0.0
