,0,1,2
0,0.6058065835207523,0.1882028215088939,0.2059905949703537
1,0.7167989895344641,0.0,0.2832010104655359
2,0.5981054211217408,0.00806602888763834,0.3938285499906209
3,0.5633037354562156,0.0,0.43669626454378446
4,0.23716975402368662,0.022623747342848468,0.740206498633465
5,0.4584407216494845,0.07484965635738831,0.4667096219931271
6,0.46800673542412125,0.059461166070301,0.4725320985055778
7,0.3950813871196037,0.02751238499646143,0.5774062278839349
8,0.2862663266094752,0.0,0.7137336733905247
9,0.23559088824338784,0.0,0.7644091117566121
10,0.24120484762913283,0.0,0.7587951523708673
11,0.303485354097145,0.057007786429365964,0.6395068594734891
12,0.44954021650564546,0.05109998835991154,0.499359795134443
13,0.5686864494708446,0.028740402573147954,0.40257314795600746
14,0.33484119345524543,0.09846005774783446,0.5666987487969202
15,0.661613909942042,0.0,0.33838609005795806
16,0.504932735426009,0.0,0.49506726457399103
17,0.23694376877951068,0.04764630133066248,0.7154099298898269
18,0.05773622609192121,0.22858978018840992,0.7136739937196689
19,0.2611209964412811,0.1613879003558719,0.5774911032028469
20,0.37073250224069093,0.01214047095249735,0.6171270268068116
21,0.28390910017323956,0.19362070722510955,0.5224701926016508
22,0.12219199378157793,0.10050524679362612,0.777302759424796
23,0.12132462132462132,0.13617463617463618,0.7425007425007425
24,0.25656236096692864,0.018315289930298087,0.7251223491027732
25,0.10396932792061345,0.20267628927980755,0.693354382799579
26,0.10054602184087362,0.11942277691107644,0.7800312012480499
27,0.09638646455366713,0.1380339917317409,0.7655795437145919
28,0.1667858561779897,0.08565752880413191,0.7475566150178784
29,0.20932015022610562,0.08982907948187323,0.7008507702920211
30,0.19272004150095104,0.11101504409476048,0.6962649144042884
31,0.1686588921282799,0.10247813411078718,0.728862973760933
32,0.11799430516008057,0.19980554205153137,0.6822001527883881
33,0.11659748015439515,0.24382783482630543,0.6395746850192994
34,0.1589280596159358,0.12453425050157639,0.7165376898824879
35,0.22098782904047554,0.0807387489385791,0.6982734220209453
36,0.20733328668392695,0.09292561752151704,0.699741095794556
37,0.21389777546313515,0.11003645562086153,0.6760657689160032
38,0.20075291948371232,0.0834357713583282,0.7158113091579593
39,0.18774296821404068,0.0500038112661026,0.7622532205198567
40,0.15336741498110693,0.20226717048232945,0.6443654145365637
41,0.12070891354531238,0.1346340010425199,0.7446570854121677
42,0.2190132370637786,0.1777548564552175,0.6032319064810039
43,0.17777777777777778,0.07147147147147147,0.7507507507507507
44,0.16467513069454817,0.08849887976101568,0.7468259895444361
45,0.15712364640101917,0.13511218062141692,0.7077641729775639
46,0.16767912124490306,0.00016643088957310479,0.8321544478655238
47,0.03315181045189644,0.011464603038119806,0.9553835865099838
48,0.08382274426054458,0.15948440241018993,0.7566928533292655
49,0.16502676891911444,0.12870785703950224,0.7062653740413832
50,0.18281835205992508,0.1498907615480649,0.66729088639201
51,0.1783127997742876,0.2295683250258629,0.5921188751998496
52,0.13015298816791016,0.14432135051624087,0.725525661315849
53,0.266553480475382,0.10833535451532057,0.6251111650092975
54,0.20853555196055773,0.11077728988521686,0.6806871581542254
55,0.24678730658274325,0.08680828743771309,0.6664044059795436
56,0.14619971318590083,0.09902634161068762,0.7547739452034116
57,0.22994595740171664,0.14729257179188304,0.6227614708064003
58,0.12271662763466042,0.1911007025761124,0.686182669789227
59,0.12311684567144815,0.15605853095941757,0.7208246233691343
60,0.21582519203520023,0.03840704004772914,0.7457677679170707
61,0.17260993218114198,0.14460730693502516,0.6827827608838329
62,0.16840466926070038,0.05338521400778209,0.7782101167315174
63,0.19343803452029232,0.1694915254237288,0.6370704400559789
64,0.13185815998883152,0.17011028898506214,0.6980315510261065
65,0.21667543793699723,0.0315013908728667,0.7518231711901361
66,0.15151515151515152,0.0774153751252988,0.7710694733595498
67,0.23448431505303544,0.0132400511547431,0.7522756337922215
68,0.15865826905385325,0.13367772981388437,0.7076640011322624
69,0.21318267419962333,0.19642184557438794,0.5903954802259886
70,0.2580693032574015,0.07894932106551904,0.6629813756770795
71,0.10599078341013825,0.07109940750493746,0.8229098090849243
72,0.08214450069028992,0.1720355882804111,0.745819911029299
73,0.2043876495789629,0.07578667454572315,0.7198256758753139
74,0.45616413593637023,0.0784526391901663,0.4653832248734635
75,0.2262644933624601,0.09401781213241472,0.6797176945051253
76,0.23079459281239698,0.015743488295417076,0.753461918892186
77,0.2072664983772088,0.15362423368193293,0.6391092679408583
78,0.2887072529124389,0.10484780157835401,0.606444945509207
79,0.2810497674010357,0.028350741683489864,0.6905994909154745
80,0.5308546346501419,0.0,0.46914536534985796
81,0.49787147780255425,0.021994729373606324,0.48013379282383944
82,0.2825251866347756,0.03964629992027252,0.6778285134449518
83,0.18192228414382777,0.12481868844949996,0.6932590274066722
84,0.22399797057331308,0.12726196516150856,0.6487400642651785
85,0.40978789826462214,0.08585070241483794,0.5043613993205399
86,0.22849354605948846,0.14495309869317724,0.6265533552473341
87,0.11606432096799874,0.08788409488934883,0.7960515841426524
88,0.27718765806777945,0.00021677866897897244,0.7225955632632415
89,0.25010058743059466,0.03194656795686811,0.7179528446125372
90,0.19891611327379588,0.037783375314861464,0.7633005114113426
91,0.27764360876315336,0.09159910298430222,0.6307572882525444
92,0.22015129064961397,0.0,0.7798487093503861
93,0.22414312996281033,0.19630113579254196,0.5795557342446477
94,0.2684202770409667,0.004347185381668141,0.7272325375773652
95,0.5517162471395881,0.021281464530892448,0.4270022883295194
96,0.42484952708512463,0.0,0.5751504729148753
97,0.38213780084945737,0.251887682869278,0.36597451628126476
98,0.42473407112925754,0.13323305039217792,0.44203287847856454
99,0.28645490454246214,0.04632982225148124,0.6672152732060566
100,0.17034293994525843,0.11544034777008534,0.7142167122846562
101,0.2232246599685599,0.09548219533866446,0.6812931446927756
102,0.16059577095230748,0.13111591294952926,0.7082883160981633
103,0.44514895330112725,0.07296698872785828,0.48188405797101447
104,0.4117117927498426,0.03679050103445174,0.5514977062157057
105,0.17147721117387602,0.05470865898011298,0.773814129846011
106,0.18262961813101522,0.10695436199937908,0.7104160198696057
107,0.2322755573408315,0.16469170516167905,0.6030327374974894
108,0.2785237308824585,0.0034465426868672358,0.7180297264306742
109,0.10650887573964496,0.17809007232084154,0.7154010519395134
110,0.02480484424016926,0.24564091340191144,0.7295542423579193
111,0.1643993543924372,0.06702021366536008,0.7685804319422028
112,0.27190065820723347,0.0495351835516048,0.6785641582411617
113,0.19869600651996738,0.033496332518337404,0.7678076609616952
114,0.14187983343248067,0.11451516954193933,0.74360499702558
115,0.28387209201010716,0.13601115274026312,0.5801167552496297
116,0.2059736229635376,0.07090768037238168,0.7231186966640807
117,0.30297542043984477,0.11582578697714532,0.58119879258301
118,0.18292428561496213,0.12181047069456999,0.6952652436904679
119,0.04207016986823305,0.16415304016510557,0.7937767899666613
120,0.2470605312817535,0.1176513282043838,0.6352881405138627
121,0.3583324019224321,0.13457024701017098,0.5070973510673968
122,0.2842998585572843,0.23234323432343235,0.4833569071192833
123,0.4330558858501784,0.003250099088386842,0.5636940150614348
124,0.24302369311771344,0.037608123354644606,0.7193681835276421
125,0.0289290450928382,0.3358753315649868,0.635195623342175
126,0.29077423118593215,0.11350945912159346,0.5957163096924744
127,0.184725797644122,0.035182151493876275,0.7800920508620017
128,0.13612836438923395,0.19964507542147295,0.664226560189293
129,0.30696869355809747,0.08421131848284165,0.6088199879590608
130,0.3974064568418209,0.17600972578684318,0.426583817371336
131,0.24512094039635293,0.0013563408936779445,0.7535227187099691
132,0.5280911946027684,0.11364429452134465,0.35826451087588695
133,0.16484362964104143,0.16838699738098906,0.6667693729779696
134,0.3265342008088623,0.09996483207314928,0.5735009671179884
135,0.22531089978054133,0.04316020482809071,0.731528895391368
136,0.2317635361113622,0.25752508361204013,0.5107113802765976
137,0.12945068338121354,0.0,0.8705493166187864
138,0.06653155356768467,0.27884548186456076,0.6546229645677545
139,0.1553765606121627,0.15666532420459126,0.6879581151832461
140,0.25947947049584924,0.2678932017051829,0.47262732779896793
141,0.4381650508394419,0.0,0.5618349491605581
142,0.05564269792784612,0.11879798563526789,0.825559316436886
143,0.2926332465768926,0.0,0.7073667534231074
144,0.402378592666006,0.13462173769408659,0.4629996696399075
145,0.12899486669978472,0.23820168902136116,0.6328034442788542
146,0.14911425320981636,0.04412481716235983,0.8067609296278239
147,0.368180374722134,0.0,0.631819625277866
148,0.2877612412919569,0.0,0.7122387587080431
149,0.13057571700373474,0.16475230780071876,0.7046719751955465
150,0.48051250575418136,0.0,0.5194874942458187
151,0.46936591456345317,0.0,0.5306340854365469
152,0.47253147056683403,0.0,0.527468529433166
153,0.40048475808707,0.05248438519623381,0.5470308567166962
154,0.725255788906839,0.0,0.274744211093161
155,0.454510848877046,0.0,0.5454891511229539
156,0.47047566976489885,0.017495899398578457,0.5120284308365227
157,0.6278987221959299,0.10955986748698533,0.2625414103170847
158,0.3353445065176909,0.05802607076350093,0.6066294227188082
159,0.16738714478066755,0.12394585784140033,0.7086669973779322
160,0.4488868166452966,0.28744608928779575,0.2636670940669075
161,0.603389125688741,0.0,0.39661087431125897
162,0.38434897336521817,0.025975096891234437,0.5896759297435474
163,0.38598460551635666,0.00344772289929442,0.610567671584349
164,0.21842631292022532,0.27912047973832455,0.5024532073414502
165,0.3147285576614198,0.03911018310311596,0.6461612592354641
166,0.42695763799743264,0.025246041934103552,0.5477963200684639
167,0.14490258978170723,0.163758704326735,0.6913387058915578
168,0.3624600769797724,0.06199328474326428,0.5755466382769634
169,0.422,0.09936363636363635,0.4786363636363636
170,0.37680250783699065,0.10273175100761309,0.5204657411553963
171,0.3596932847959104,0.05553404074045387,0.5847726744636356
172,0.23301601038511466,0.09534112216933507,0.6716428674455502
173,0.23716890388342549,0.04500753714736918,0.7178235589692054
174,0.3352720450281426,0.06876172607879927,0.5959662288930583
175,0.3017534196272836,0.15193243367300102,0.5463141466997155
176,0.0812876981343807,0.21735166222471597,0.7013606396409033
177,0.12876052948255112,0.11913357400722022,0.7521058965102285
178,0.17014968544363296,0.10673222937305663,0.7231180851833104
179,0.2816540017763742,0.20408566071252343,0.5142603375111023
180,0.1859683517714606,0.11384960089623303,0.7001820473323065
181,0.22179459767657328,0.09771220868077828,0.6804931936426484
182,0.13565809058048053,0.15557445602097952,0.70876745339854
183,0.20559386973180077,0.1809961685823755,0.6134099616858237
184,0.326564859875818,0.1382782346031213,0.5351569055210605
185,0.3570038153079499,0.015650548937164215,0.6273456357548859
186,0.46431806743834925,0.17916456970306993,0.35651736285858077
187,0.33072793304910786,0.01294804989736302,0.6563240170535292
188,0.28174603174603174,0.21299603174603174,0.5052579365079365
189,0.24054246966452536,0.04568165596002855,0.7137758743754461
190,0.47898217688599937,0.1786795202331577,0.34233830288084294
191,0.24004192872117402,0.10151588453475247,0.6584421867440735
192,0.29809243617728004,0.17908323052102115,0.5228243333016986
193,0.27576185988061575,0.12197612315425697,0.6022620169651273
194,0.3599561440499283,0.059289870962300754,0.580753984987771
195,0.3044445990123113,0.0,0.6955554009876886
196,0.19211504281790273,0.0,0.8078849571820973
197,0.20091685109073662,0.137132469174834,0.6619506797344293
198,0.339663931223134,0.06447831184056271,0.5958577569363032
199,0.6684568263824788,0.0,0.3315431736175212
200,0.17457688152682752,0.21073100468131079,0.6146921137918617
201,0.4175084175084175,0.050104216770883434,0.532387365720699
202,0.20487718049127804,0.2191171235315059,0.5760056959772161
203,0.06869220607661823,0.28259323239508183,0.6487145615283
204,0.1424556111606225,0.21011859875231373,0.6474257900870639
205,0.33310066697688845,0.0,0.6668993330231114
206,0.29663829173279466,0.06809984129274274,0.6352618669744625
207,0.49311862185188643,0.1083231907124801,0.39855818743563337
208,0.274263431542461,0.1844887348353553,0.5412478336221838
209,0.30627381600435494,0.0448421339139902,0.6488840500816548
210,0.28059493780986344,0.08619639906062451,0.6332086631295121
211,0.29193758127438235,0.05047139141742523,0.6575910273081925
212,0.08086234063887696,0.20290789285202696,0.7162297665090962
213,0.2618179054567564,0.03951968384252926,0.6986624107007144
214,0.7270200720535255,0.0,0.2729799279464745
215,0.37567464842265297,0.0017483846446218168,0.6225769669327252
216,0.163623395149786,0.1231098430813124,0.7132667617689015
217,0.3927774918510894,0.17224223709041003,0.4349802710585006
218,0.6038188886348045,0.0489366567573748,0.3472444546078207
219,0.21840828445216887,0.05742631617061336,0.7241653993772178
220,0.28823288232882327,0.028426950936176025,0.6833401667350006
221,0.24805974520427584,0.01976863376775516,0.7321716210279688
222,0.3535680791201296,0.03018160115951914,0.6162503197203513
223,0.5472163495419309,0.013213530655391121,0.43957011980267796
224,0.3231340837066987,0.10108184897825374,0.5757840673150476
225,0.3352630254215958,0.04580921218223006,0.6189277623961742
226,0.19217905839979418,0.168767687162336,0.6390532544378699
227,0.3070721583652618,0.09650383141762452,0.5964240102171137
228,0.2707808564231738,0.029527008116428773,0.6996921354603974
229,0.5118309859154929,0.0647887323943662,0.4233802816901408
230,0.24815533980582524,0.16598058252427184,0.5858640776699029
231,0.709476954945624,0.01232522009321595,0.27819782496116
232,0.3252734220582422,0.018118329160627222,0.6566082487811306
233,0.3606977116338614,0.035525684109457514,0.6037766042566811
234,0.2771432702038456,0.0,0.7228567297961545
235,0.3533239535701723,0.0449349278930707,0.6017411185367569
236,0.2810426161349644,0.029903254177660515,0.6890541296873751
237,0.2065650644783118,0.011879640484564281,0.7815552950371238
238,0.3420819817163079,0.0,0.6579180182836921
239,0.13483495145631066,0.08846601941747573,0.7766990291262136
240,0.09115397984011121,0.03988529718456726,0.8689607229753215
241,0.2896213681892449,0.0,0.7103786318107551
242,0.1965290053029086,0.0,0.8034709946970915
243,0.21996879875195005,0.0,0.7800312012480499
244,0.824502382954864,0.0,0.17549761704513595
245,0.08364908190032061,0.5258913824929564,0.39045953560672303
246,0.50199203187251,0.043990703851261616,0.4540172642762284
247,0.3115919865422847,0.008028750573482183,0.680379262884233
248,0.3412384716732543,0.0,0.6587615283267457
249,0.6001064962726305,0.0,0.39989350372736954
250,0.4545530284095643,0.0,0.5454469715904358
251,0.15241290691033693,0.13370930896630495,0.713877784123358
252,0.04632474592294966,0.1658394390608997,0.7878358150161507
253,0.2804022007209258,0.06440903054448871,0.6551887687345854
254,0.15948804414469653,0.07411097486204782,0.7664009809932557
255,0.3617972742759795,0.20794293015332196,0.4302597955706985
256,0.43582430119794635,0.0924130062749572,0.47176269252709635
257,0.06939731782194215,0.12271772499596058,0.8078849571820973
258,0.14112741560420172,0.05701226846283377,0.8018603159329644
259,0.26811944003861804,0.042272946693331495,0.6896076132680505
260,0.22786161731207288,0.060293280182232345,0.7118451025056948
261,0.07441688263606072,0.0,0.9255831173639393
262,0.22275765583709004,0.0,0.77724234416291
263,0.3075997593743734,0.02399572221108215,0.6684045184145445
264,0.0,0.30574840322132746,0.6942515967786727
265,0.2620426717501283,0.004765745289244079,0.7331915829606276
266,0.0,0.2978514253616065,0.7021485746383935
267,0.4450453316367106,0.022745347542548113,0.5322093208207412
268,0.3472555488902219,0.12080083983203357,0.5319436112777445
269,0.19439787650181614,0.10708298407376361,0.6985191394244202
270,0.0368292104639216,0.23844147632972418,0.7247293132063543
271,0.0,0.30434782608695654,0.6956521739130435
272,0.052220218156832435,0.08889461479000257,0.8588851670531651
273,0.32628004179728315,0.16536050156739812,0.5083594566353187
274,0.06534485418916834,0.16316926400246876,0.7714858818083629
275,0.06765401195939369,0.23703240161312752,0.6953135864274789
276,0.2911149825783972,0.04250871080139373,0.666376306620209
277,0.4170058462221565,0.0,0.5829941537778436
278,0.17958855458017825,0.15030489847885814,0.6701065469409636
279,0.173414894649966,0.1942907078357122,0.6322943975143217
280,0.18009062013931157,0.14363968350578213,0.6762696963549064
281,0.08803986710963455,0.2922797025787059,0.6196804303116595
282,0.09608915054667788,0.20304177179702831,0.7008690776562938
283,0.0,0.3383617837766309,0.661638216223369
284,0.15489842726081257,0.025966579292267363,0.81913499344692
285,0.4000262915735507,0.24740370711187065,0.35257000131457866
286,0.0,0.48027908301295746,0.5197209169870426
287,0.0,0.30958298812482743,0.6904170118751727
288,0.025401341190814875,0.2972295603874551,0.67736909842173
289,0.10268738731003692,0.03872241778998884,0.8585901948999742
290,0.167789860621841,0.06639607903201103,0.765814060346148
291,0.10604446338518358,0.3486753320548334,0.5452802045599829
292,0.6135000508285047,0.031107044830741077,0.3553929043407543
293,0.17657626828642312,0.2034391308067414,0.6199846009068355
294,0.3455489021956088,0.03680638722554891,0.6176447105788423
295,0.48614072494669514,0.1095948827292111,0.40426439232409384
296,0.05386395187413235,0.02063859324386858,0.9254974548819991
297,0.1798796673155194,0.1717395151300655,0.6483808175544152
298,0.32168016907361746,0.07749207467418104,0.6008277562522014
299,0.32516176068531855,0.33719128770618795,0.33764695160849356
300,0.23843130964792683,0.22455690111476462,0.5370117892373084
301,0.266425011327594,0.3321250566379701,0.40144993203443585
302,0.21096936561659288,0.18050854812114897,0.6085220862622581
303,0.5005644402634055,0.18965192850423332,0.30978363123236125
304,0.34755535055350556,0.0,0.6524446494464945
305,0.0559512749045112,0.25849076081346134,0.6855579642820275
306,0.18481660506113168,0.18946071462420624,0.6257226803146622
307,0.22164432886577318,0.25465093018603724,0.5237047409481896
308,0.0,0.414999414999415,0.5850005850005849
309,0.15803558512946622,0.11868942571965861,0.7232749891508752
310,0.021158487530168947,0.17433628318584074,0.8045052292839904
311,0.20012051419389393,0.1634975897161221,0.636381896089984
312,0.3286275911365261,0.261168691922802,0.4102037169406719
313,0.11524780649751008,0.1962295470713778,0.6885226464311122
314,0.7285810658871149,0.04834720035979311,0.22307173375309194
315,0.17833689957942891,0.08381908064635137,0.7378440197742198
316,0.14161628204036447,0.006812569190155837,0.8515711487694796
317,0.5511685728493286,0.08771755345599204,0.36111387369467923
318,0.0,0.34210526315789475,0.6578947368421053
319,0.23365539452495976,0.16344605475040258,0.6028985507246377
