"X0.0451652282187639","X0.90047707223695","X0.0543576995442859"
0.0451652282187639,0.90047707223695,0.0543576995442859
0.0816540105209379,0.831712807582249,0.0866331818968131
0.454785327168891,0.191661509816216,0.353553163014893
0.683652067983099,0.040818267297539,0.275529664719362
0.121673241931615,0.208719632982144,0.669607125086241
0.544866744209137,0.0373133602188956,0.417819895571967
0.725184824637967,0.0191476421856909,0.255667533176342
0.594050547933353,0.0542171221471241,0.351732329919523
0.367481650199858,0.0188732789140061,0.613645070886136
0.903929927404862,0.0399672138110182,0.0561028587841204
0.606922919889415,0.0407869817473347,0.352290098363251
0.327382346278761,0.0315249547132639,0.641092699007975
0.752272884372911,0.0162921119696401,0.231435003657449
0.685109530034542,0.161570070573635,0.153320399391823
0.479231202117816,0.0221602502345453,0.498608547647639
